1.089108910891089105e-01 2.853285328532853549e-01 4.554455445544544623e-01 1.953195319531953467e-01 1.269126912691269093e-01 1.890189018901890505e-01 9.900990099009902845e-02 1.710171017101710378e-01
9.000900090009001601e-04 3.177317731773177112e-01 3.636363636363637020e-01 4.473447344734474140e-01 1.305130513051302177e-01 1.125112511251122743e-01 5.580558055805581036e-02 2.448244824482448401e-01
2.430243024302425059e-01 4.914491449144903767e-01 1.809180918091809476e-01 4.887488748874876943e-01 1.845184518451845335e-01 1.521152115211517886e-01 3.177317731773177112e-01 1.764176417641764305e-01
1.404140414041400997e-01 3.654365436543655088e-01 4.590459045904580204e-01 4.401440144014391875e-01 3.177317731773170451e-01 9.000900090008981391e-02 8.730873087308732572e-02 2.133213321332133316e-01
4.032403240324032301e-01 4.473447344734464148e-01 4.176417641764176847e-01 1.872187218721867996e-01 1.053105310531053107e-01 1.800180018001796278e-01 9.810981098109812504e-02 1.764176417641764305e-01
1.530153015301530250e-01 1.926192619261926364e-01 1.539153915391539285e-01 3.078307830783078569e-01 9.090909090909092549e-02 1.791179117911787244e-01 9.180918091809181503e-02 1.242124212421242269e-01
5.940594059405941013e-02 4.833483348334823293e-01 3.789378937893789767e-01 2.016201620162016150e-01 3.114311431143114706e-01 1.602160216021602246e-01 1.809180918091809476e-01 7.740774077407741594e-02
2.628262826282628528e-01 2.430243024302430610e-01 1.791179117911791407e-01 4.455445544554446080e-01 3.285328532853278305e-01 2.691269126912691489e-01 3.807380738073799509e-01 9.900990099009902845e-02
3.429342934293429512e-01 4.329432943294320157e-01 2.493249324932488020e-01 2.583258325832583635e-01 1.593159315931593212e-01 1.962196219621958060e-01 2.682268226822676627e-01 1.980198019801980569e-01
2.493249324932493571e-01 4.257425742574257876e-01 1.539153915391539285e-01 2.637263726372637285e-01 1.152115211521152205e-01 8.010801080108011230e-02 2.205220522052205312e-01 2.736273627362730276e-01
7.830783078307831935e-02 2.403240324032403508e-01 1.530153015301530250e-01 1.800180018001800442e-01 1.746174617461746514e-01 1.755175517551751385e-01 7.740774077407741594e-02 2.025202520252020744e-01
4.590459045904580204e-01 4.761476147614761567e-01 2.430243024302425059e-01 2.916291629162909849e-01 2.907290729072901092e-01 1.197119711971197237e-01 1.188118811881185566e-01 1.953195319531953467e-01
2.961296129612955297e-01 4.392439243924382564e-01 3.816381638163808265e-01 1.899189918991899539e-01 3.654365436543655088e-01 1.485148514851485357e-01 1.656165616561656451e-01 1.080108010801080279e-02
2.313231323132308170e-01 1.890189018901890505e-01 2.466246624662466469e-01 2.232223222322232414e-01 3.384338433843376848e-01 8.460846084608461548e-02 2.628262826282628528e-01 1.728172817281728446e-01
4.401440144014391875e-01 3.744374437443744874e-01 4.113411341134113886e-01 4.230423042304230774e-02 2.232223222322227418e-01 2.394239423942394474e-01 7.650765076507634599e-02 1.845184518451845335e-01
4.329432943294330149e-01 2.133213321332133316e-01 1.863186318631863403e-01 3.492349234923493029e-01 3.330333033303330414e-01 1.107110711071104675e-01 2.322232223222322478e-01 3.600360036003592556e-01
1.944194419441944433e-01 1.962196219621962501e-01 3.105310531053105949e-01 2.925292529252925822e-01 2.574257425742574323e-01 3.114311431143107489e-01 9.360936093609362185e-02 1.314131413141314264e-01
4.194419441944184923e-01 4.473447344734464148e-01 2.925292529252925822e-01 4.257425742574248440e-01 1.170117011701170273e-01 1.017101710171017109e-01 9.360936093609339981e-02 1.314131413141311211e-01
3.591359135913583800e-01 4.662466246624652477e-01 2.007200720072007116e-01 3.762376237623754061e-01 1.926192619261926364e-01 1.485148514851485357e-01 9.360936093609362185e-02 1.602160216021602246e-01
4.608460846084598272e-01 2.079207920792079389e-01 1.485148514851485357e-01 2.358235823582358337e-01 2.376237623762376405e-01 6.840684068406825691e-02 1.845184518451841171e-01 2.565256525652565567e-01
4.527452745274527790e-01 4.320432043204320838e-01 3.690369036903690808e-02 4.284428442844275264e-01 1.395139513951395294e-01 2.070207020702070355e-01 1.071107110711071175e-01 1.872187218721872437e-01
4.752475247524742263e-01 2.961296129612961958e-01 2.628262826282622422e-01 1.503150315031503148e-01 2.304230423042304410e-01 1.161116111611161239e-01 1.359135913591359157e-01 2.196219621962196278e-01
4.608460846084608820e-01 2.025202520252025185e-01 3.240324032403240490e-02 2.340234023402340546e-02 1.017101710171017109e-01 1.125112511251122743e-01 2.700270027002700524e-02 7.650765076507634599e-02
4.500450045004490973e-01 2.196219621962191282e-01 1.458145814581458255e-01 4.554455445544544623e-01 1.575157515751575421e-01 1.521152115211521216e-01 2.277227722772272311e-01 3.420342034203420478e-02
4.581458145814571448e-01 3.240324032403240628e-01 2.340234023402335273e-01 2.862286228622862305e-01 1.647164716471643808e-01 3.042304230423042433e-01 2.340234023402340546e-02 1.593159315931593212e-01
4.518451845184519033e-01 2.241224122412241448e-01 1.584158415841580569e-01 1.089108910891089105e-01 4.950495049504951423e-02 1.431143114311428099e-01 1.395139513951395294e-01 2.556255625562556255e-01
1.593159315931593212e-01 2.160216021602160419e-01 3.933393339333933758e-01 1.368136813681368191e-01 1.890189018901886064e-01 1.080108010801080209e-01 1.242124212421239493e-01 2.520252025202520119e-01
4.284428442844275264e-01 4.626462646264616341e-01 2.286228622862281346e-01 1.719171917191719412e-01 1.665166516651661321e-01 9.900990099009879253e-02 8.460846084608461548e-02 1.656165616561656451e-01
2.007200720072007116e-01 4.869486948694858874e-01 1.944194419441944433e-01 9.990999099909993186e-02 1.899189918991899539e-01 1.071107110711071175e-01 2.952295229522952646e-01 1.206120612061206271e-01
1.665166516651665207e-01 4.392439243924382564e-01 1.548154815481548319e-01 3.780378037803780455e-02 1.593159315931593212e-01 1.881188118811877030e-01 8.820882088208821525e-02 2.439243924392433815e-01
3.546354635463538352e-01 2.340234023402340546e-01 3.411341134113404228e-01 4.464446444644464829e-01 2.565256525652565567e-01 1.557155715571553745e-01 1.260126012601260059e-01 2.106210621062106214e-01
3.204320432043204492e-01 2.052205220522052287e-01 2.466246624662466469e-01 2.979297929792980026e-01 3.483348334833483717e-01 1.395139513951391963e-01 2.304230423042304410e-01 7.290729072907291275e-02
4.662466246624652477e-01 1.629162916291629348e-01 4.077407740774077749e-01 1.944194419441939992e-01 2.862286228622856199e-01 1.179117911791179169e-01 2.556255625562550704e-01 1.476147614761476323e-01
3.663366336633663845e-01 3.825382538253825904e-01 4.482448244824472905e-01 2.349234923492344029e-01 1.332133213321329279e-01 1.098109810981098139e-01 8.460846084608461548e-02 1.782178217821778210e-01
4.203420342034203672e-01 4.644464446444644956e-01 4.311431143114312081e-01 2.439243924392439367e-01 1.089108910891089105e-01 1.539153915391539285e-01 1.170117011701170273e-01 1.440144014401440187e-01
2.250225022502250552e-02 4.113411341134113886e-01 2.007200720072007116e-01 4.464446444644454837e-01 1.161116111611161239e-01 1.611161116111607672e-01 1.503150315031499817e-01 1.836183618361836301e-01
4.590459045904580204e-01 2.871287128712864956e-01 1.944194419441939992e-01 3.501350135013501230e-01 2.133213321332128598e-01 1.269126912691269093e-01 1.935193519351935398e-01 1.152115211521152205e-01
4.491449144914482217e-01 3.582358235823582815e-01 4.086408640864086506e-01 2.322232223222317204e-01 1.701170117011701344e-01 1.611161116111611280e-01 9.990999099909993186e-02 1.971197119711971535e-01
1.881188118811881471e-01 1.179117911791176532e-01 1.899189918991899539e-01 4.500450045004490973e-01 2.331233123312331512e-01 1.962196219621958060e-01 8.820882088208821525e-02 1.782178217821782373e-01
4.806480648064796468e-01 2.601260126012595597e-01 4.644464446444634409e-01 1.242124212421242269e-01 1.368136813681368191e-01 2.277227722772277307e-01 9.810981098109812504e-02 1.413141314131413084e-01
3.321332133213321658e-01 3.375337533753375308e-01 2.439243924392439367e-01 1.845184518451841171e-01 3.474347434743467189e-01 1.413141314131413084e-01 1.143114311431143171e-01 1.089108910891089105e-01
4.311431143114312081e-01 4.797479747974787156e-01 2.997299729972990323e-01 2.250225022502250483e-01 1.593159315931593212e-01 1.017101710171014889e-01 9.630963096309609617e-02 1.737173717371733594e-01
1.989198919891989603e-01 2.961296129612961958e-01 4.554455445544554615e-01 1.980198019801975851e-01 1.665166516651661321e-01 1.233123312331233234e-01 1.206120612061206271e-01 8.730873087308732572e-02
4.491449144914492209e-01 4.158415841584149897e-01 4.572457245724562691e-01 1.980198019801975851e-01 1.323132313231323298e-01 1.413141314131413084e-01 2.799279927992793238e-01 1.386138613861386260e-01
4.437443744374438004e-01 4.266426642664257196e-01 1.701170117011701344e-01 4.257425742574257876e-01 4.050405040504041487e-01 8.820882088208821525e-02 2.889288928892883024e-01 1.836183618361836301e-01
1.971197119711971535e-01 1.062106210621062141e-01 4.203420342034194235e-01 1.998199819981993919e-01 3.123312331233124017e-01 1.395139513951395294e-01 6.030603060306031354e-02 6.210621062106211343e-02
3.501350135013501230e-01 1.926192619261926364e-01 4.293429342934284021e-01 4.545454545454535311e-01 2.529252925292523879e-01 1.935193519351930957e-01 9.630963096309631821e-02 2.853285328532853549e-01
1.665166516651665207e-01 4.401440144014391875e-01 4.338433843384329469e-01 2.007200720072007116e-01 1.692169216921692310e-01 2.619261926192613665e-01 1.071107110711071175e-01 1.386138613861383206e-01
4.437443744374428012e-01 3.285328532853285521e-01 4.653465346534643721e-01 1.908190819081908574e-01 2.925292529252925822e-01 1.332133213321332332e-01 2.655265526552649802e-01 1.035103510351035178e-01
2.952295229522945985e-01 2.772277227722772519e-01 1.908190819081908574e-01 1.449144914491449221e-01 1.548154815481544988e-01 2.691269126912691489e-01 7.560756075607544258e-02 1.008100810081008075e-01
