4.392439243924392556e-01 2.484248424842484537e-01 4.572457245724562691e-01 3.114311431143114706e-01 1.512151215121512182e-01 1.332133213321332332e-01 1.773177317731769176e-01 1.476147614761476323e-01 1.449144914491445890e-01
3.231323132313231317e-01 4.761476147614751020e-01 2.097209720972097180e-01 3.438343834383438824e-01 2.160216021602160419e-01 1.539153915391535954e-01 1.278127812781278128e-01 2.187218721872182248e-01 8.100810081008083530e-02
9.000900090009001601e-04 4.356435643564356419e-01 7.200720072007184801e-03 2.781278127812781276e-01 3.780378037803772129e-01 3.465346534653457877e-01 1.152115211521152205e-01 1.845184518451845335e-01 2.025202520252025185e-01
4.284428442844284701e-01 4.761476147614751020e-01 4.491449144914482217e-01 4.563456345634553379e-01 2.673267326732667870e-01 1.026102610261023923e-01 1.476147614761472993e-01 1.062106210621062141e-01 7.740774077407741594e-02
4.473447344734464148e-01 4.797479747974787156e-01 2.844284428442844237e-01 4.671467146714661789e-01 1.611161116111611280e-01 1.287128712871287162e-01 1.296129612961296196e-01 1.719171917191719412e-01 2.700270027002700697e-03
3.546354635463538352e-01 3.357335733573350023e-01 1.413141314131413084e-01 3.951395139513942945e-01 1.809180918091809476e-01 4.032403240324023419e-01 1.998199819981993919e-01 9.270927092709271844e-02 1.971197119711971535e-01
4.851485148514841361e-01 3.438343834383438824e-01 4.203420342034194235e-01 3.303330333033303590e-01 3.510351035103510542e-01 1.485148514851482027e-01 2.421242124212416025e-01 6.570657065706571320e-02 5.400540054005401047e-02
2.043204320432043253e-01 3.834383438343826334e-01 4.473447344734464148e-01 2.493249324932493571e-01 2.961296129612955297e-01 2.115211521152115248e-01 7.110711071107110592e-02 1.728172817281728446e-01 1.125112511251125241e-01
1.305130513051305230e-01 4.662466246624652477e-01 1.683168316831683275e-01 4.338433843384329469e-01 2.961296129612961958e-01 4.581458145814571448e-01 2.007200720072002675e-01 1.629162916291629348e-01 3.240324032403233551e-02
4.518451845184509041e-01 2.727272727272727626e-01 3.789378937893789767e-01 4.617461746174607584e-01 4.158415841584149897e-01 2.214221422142214346e-01 1.440144014401440187e-01 1.602160216021602246e-01 1.332133213321332332e-01
1.800180018001800320e-03 3.753375337533753631e-01 1.143114311431143171e-01 3.699369936993699426e-01 2.223222322232223380e-01 1.062106210621062141e-01 2.241224122412241448e-01 8.640864086408642231e-02 1.359135913591359157e-01
3.186318631863186424e-01 6.210621062106211343e-02 1.611161116111611280e-01 4.167416741674158653e-01 2.808280828082808656e-01 1.305130513051305230e-01 2.025202520252025185e-01 2.520252025202520188e-02 1.080108010801080209e-01
4.356435643564356419e-01 4.500450045004490175e-03 4.518451845184509041e-01 2.349234923492349303e-01 2.016201620162016150e-01 2.592259225922586841e-01 8.910891089108911867e-02 1.512151215121508852e-01 2.889288928892889685e-01
9.000900090008981001e-04 3.879387938793879553e-01 2.961296129612961958e-01 1.926192619261926364e-01 4.266426642664257196e-01 2.214221422142214346e-01 3.006300630062999635e-01 1.134113411341134137e-01 1.620162016201620245e-02
4.590459045904590751e-01 3.996399639963997275e-01 2.772277227722772519e-01 4.185418541854185603e-01 3.483348334833483717e-01 9.540954095409542868e-02 1.143114311431143171e-01 1.494149414941494114e-01 3.690369036903682481e-02
2.817281728172810751e-01 4.140414041404140710e-01 4.419441944194419936e-01 2.574257425742568772e-01 1.962196219621962501e-01 3.105310531053105949e-01 1.836183618361832137e-01 1.332133213321332332e-01 1.656165616561656451e-01
4.482448244824472905e-01 8.100810081008101224e-03 4.563456345634553379e-01 1.773177317731773339e-01 4.266426642664266633e-01 1.170117011701170273e-01 1.872187218721872437e-01 1.521152115211517886e-01 1.089108910891086746e-01
4.500450045004490973e-01 4.473447344734464148e-01 2.763276327632757656e-01 2.304230423042304410e-01 3.339333933393331955e-01 7.920792079207920888e-02 1.845184518451845335e-01 8.730873087308732572e-02 5.130513051305130717e-02
1.206120612061206271e-01 4.824482448244813981e-01 2.574257425742568772e-01 1.890189018901890505e-01 4.041404140414032731e-01 2.061206120612061321e-01 1.872187218721872437e-01 8.460846084608461548e-02 4.320432043204311401e-02
4.482448244824482897e-01 4.311431143114302089e-01 4.410441044104410624e-01 2.988298829882988228e-01 4.716471647164706127e-01 4.131413141314122517e-01 1.557155715571557353e-01 1.764176417641764305e-01 7.290729072907291275e-02
4.707470747074707362e-01 2.619261926192619216e-01 3.726372637263726806e-01 1.935193519351935398e-01 3.465346534653457877e-01 8.910891089108911867e-02 2.880288028802880373e-01 1.638163816381638382e-01 9.360936093609362185e-02
4.869486948694858874e-01 4.779477947794769088e-01 2.601260126012601703e-01 3.006300630063006296e-01 1.305130513051305230e-01 1.620162016201616706e-01 2.052205220522047846e-01 1.116111611161113709e-01 6.750675067506735350e-02
4.032403240324032301e-01 3.420342034203420478e-02 4.374437443744374487e-01 4.266426642664266633e-01 3.321332133213321658e-01 1.368136813681368191e-01 1.485148514851485357e-01 4.770477047704771434e-02 4.950495049504951423e-02
2.628262826282628528e-01 1.305130513051305230e-01 4.464446444644454837e-01 1.431143114311431153e-01 4.779477947794769088e-01 2.205220522052205312e-01 9.720972097209722163e-02 9.900990099009902845e-02 1.323132313231323298e-01
3.105310531053098733e-01 4.230423042304230496e-01 4.077407740774077749e-01 4.617461746174607584e-01 1.449144914491449221e-01 2.196219621962191282e-01 8.280828082808282253e-02 1.161116111611161239e-01 9.990999099909993186e-02
3.447344734473439809e-01 4.815481548154805225e-01 2.511251125112505811e-01 2.196219621962191282e-01 2.862286228622862305e-01 1.503150315031503148e-01 1.854185418541854369e-01 6.210621062106211343e-02 1.287128712871287162e-01
4.257425742574257876e-01 4.878487848784867631e-01 4.032403240324032301e-01 4.374437443744364495e-01 2.070207020702065914e-01 1.575157515751575421e-01 9.000900090009002208e-02 9.900990099009902845e-02 1.764176417641764305e-01
3.330333033303330831e-02 4.608460846084608820e-01 2.718271827182718314e-01 9.000900090009002208e-02 3.987398739873979081e-01 2.313231323132313444e-01 1.458145814581454924e-01 1.341134113411341366e-01 7.200720072007200934e-02
4.491449144914482217e-01 3.915391539153915690e-01 4.374437443744374487e-01 1.620162016201620314e-01 3.159315931593159044e-01 2.475247524752475503e-01 1.440144014401436856e-01 1.485148514851485357e-01 1.890189018901890228e-02
1.575157515751575421e-01 4.500450045004490973e-01 2.412241224122412542e-01 2.025202520252025185e-01 4.059405940594050244e-01 1.395139513951395294e-01 8.280828082808282253e-02 7.920792079207920888e-02 2.124212421242124282e-01
4.914491449144903767e-01 4.464446444644454837e-01 4.509450945094510277e-01 4.428442844284428692e-01 3.888388838883879983e-01 1.728172817281724560e-01 1.359135913591359157e-01 1.044104410441044212e-01 9.450945094509452526e-02
4.203420342034203672e-01 4.815481548154805225e-01 2.700270027002700524e-02 1.692169216921688424e-01 3.537353735373537367e-01 2.151215121512151385e-01 9.000900090009002208e-02 6.120612061206121002e-02 1.485148514851485357e-01
4.410441044104410624e-01 3.051305130513051744e-01 2.790279027902784273e-02 4.554455445544544623e-01 1.539153915391539285e-01 4.680468046804681093e-02 1.449144914491449221e-01 3.177317731773177112e-01 1.494149414941490783e-01
3.627362736273627708e-01 4.032403240324023419e-01 4.428442844284428692e-01 1.953195319531953467e-01 2.133213321332133316e-01 3.762376237623754061e-01 2.088208820882083983e-01 1.287128712871287162e-01 8.100810081008101224e-03
4.608460846084608820e-01 3.060306030603060501e-01 2.025202520252025185e-01 3.609360936093609640e-01 3.339333933393339171e-01 2.610261026102610460e-01 1.593159315931589604e-01 5.940594059405941013e-02 1.242124212421242269e-01
1.647164716471647417e-01 1.449144914491445890e-01 2.106210621062106214e-01 4.608460846084608820e-01 2.790279027902790587e-01 2.403240324032403508e-01 1.863186318631863403e-01 1.044104410441044212e-01 1.224122412241221425e-01
3.582358235823582815e-01 3.159315931593159044e-01 1.485148514851485357e-01 7.470747074707470570e-02 1.080108010801080209e-01 1.881188118811881471e-01 1.359135913591359157e-01 1.989198919891984885e-01 4.680468046804681093e-02
4.842484248424832050e-01 4.518451845184509041e-01 4.689468946894679857e-01 4.680468046804670545e-01 4.383438343834373807e-01 2.736273627362730276e-01 1.152115211521152205e-01 1.017101710171017109e-01 1.656165616561652842e-01
1.755175517551755271e-01 4.266426642664266633e-01 4.194419441944194360e-01 2.844284428442844237e-01 1.611161116111607672e-01 1.872187218721872437e-01 1.449144914491449221e-01 1.314131413141314264e-01 9.630963096309631821e-02
3.906390639063898051e-01 3.771377137713771699e-01 1.890189018901890228e-02 4.257425742574257876e-01 4.752475247524742263e-01 1.926192619261926364e-01 2.277227722772277307e-01 1.422142214221422118e-01 1.629162916291629348e-01
4.527452745274527790e-01 4.518451845184509041e-01 1.998199819981998637e-01 4.545454545454535311e-01 4.023402340234014662e-01 1.467146714671467289e-01 1.179117911791179169e-01 1.521152115211521216e-01 1.017101710171014889e-01
4.923492349234912524e-01 4.689468946894690404e-01 9.450945094509452526e-02 4.419441944194419936e-01 3.591359135913583800e-01 2.907290729072901092e-01 1.548154815481548319e-01 1.215121512151215305e-01 1.404140414041404328e-01
3.240324032403240628e-01 4.581458145814581995e-01 2.853285328532853549e-01 4.608460846084608820e-01 3.132313231323132774e-01 1.863186318631863403e-01 9.900990099009902845e-02 8.640864086408642231e-02 1.035103510351035178e-01
4.608460846084608820e-01 4.140414041404140710e-01 3.942394239423943070e-01 3.888388838883879983e-01 1.845184518451845335e-01 2.259225922592259517e-01 1.917191719171917608e-01 6.660666066606661662e-02 6.120612061206107124e-02
2.295229522952290102e-01 4.689468946894690404e-01 4.671467146714661789e-01 4.608460846084608820e-01 1.566156615661566387e-01 2.295229522952290102e-01 7.020702070207004986e-02 6.390639063906390638e-02 3.150315031503150148e-02
4.077407740774077749e-01 3.996399639963997275e-01 4.266426642664266633e-01 4.734473447344724195e-01 1.611161116111611280e-01 2.250225022502245487e-01 1.107110711071107173e-01 6.030603060306031354e-02 1.026102610261023923e-01
5.580558055805581036e-02 1.710171017101710378e-01 4.473447344734474140e-01 2.016201620162016150e-01 1.548154815481548319e-01 1.134113411341134137e-01 1.593159315931589604e-01 1.836183618361836301e-01 1.224122412241221425e-01
2.367236723672367371e-01 4.041404140414041612e-01 4.410441044104410624e-01 4.590459045904590751e-01 3.726372637263726806e-01 3.771377137713763372e-01 2.718271827182712208e-01 1.809180918091805312e-01 4.203420342034194235e-01
4.950495049504939904e-01 8.640864086408642231e-02 4.455445544554456072e-01 4.500450045004500965e-01 3.627362736273627708e-01 2.763276327632763762e-01 1.485148514851485357e-01 1.629162916291625740e-01 2.610261026102610529e-02
3.303330333033303590e-01 3.942394239423943070e-01 8.100810081008101224e-03 4.653465346534643721e-01 3.690369036903682343e-01 2.781278127812775169e-01 1.917191719171913167e-01 5.400540054005401047e-02 4.140414041404141127e-02
