2.853285328532853549e-01 1.611161116111611280e-01 3.222322232223215344e-01 4.545454545454545858e-01 4.194419441944184923e-01 2.520252025202520119e-01 3.159315931593152382e-01 2.907290729072907753e-01
9.000900090009001601e-04 3.654365436543655088e-01 3.636363636363628693e-01 3.429342934293421741e-01 4.374437443744374487e-01 3.411341134113411444e-01 2.871287128712871617e-01 2.799279927992799344e-01
3.393339333933393376e-01 3.114311431143114706e-01 4.626462646264616341e-01 4.878487848784867631e-01 4.608460846084608820e-01 3.420342034203412984e-01 3.456345634563456892e-01 2.169216921692169453e-01
2.421242124212421576e-01 4.419441944194419936e-01 4.500450045004490973e-01 4.383438343834373807e-01 2.799279927992799344e-01 2.331233123312331512e-01 3.537353735373537367e-01 3.321332133213314441e-01
1.773177317731773339e-01 2.160216021602160419e-01 4.518451845184519033e-01 4.149414941494150022e-01 5.490549054905490695e-02 3.483348334833483717e-01 3.456345634563456892e-01 4.374437443744374487e-01
7.740774077407741594e-02 4.284428442844284701e-01 2.826282628262820062e-01 3.366336633663366551e-01 3.285328532853285521e-01 3.708370837083708738e-01 3.789378937893781440e-01 2.700270027002700246e-01
4.464446444644454837e-01 2.943294329432937229e-01 4.644464446444634409e-01 2.466246624662466469e-01 3.087308730873080664e-01 3.402340234023394916e-01 2.970297029702970715e-01 2.088208820882088423e-01
4.122412241224122642e-01 2.601260126012601703e-01 3.078307830783071908e-01 4.419441944194409944e-01 2.628262826282628528e-01 3.942394239423943070e-01 4.248424842484248565e-01 4.122412241224122642e-01
1.800180018001800320e-03 1.989198919891989603e-01 4.833483348334823293e-01 4.347434743474348218e-01 3.582358235823582815e-01 4.572457245724572683e-01 3.240324032403240628e-01 3.717371737173717494e-01
4.734473447344734742e-01 3.078307830783078569e-01 3.519351935193519298e-01 4.572457245724572683e-01 4.401440144014401867e-01 3.402340234023394916e-01 4.041404140414041612e-01 3.411341134113404228e-01
1.341134113411341366e-01 4.779477947794769088e-01 4.707470747074696815e-01 3.402340234023394916e-01 2.754275427542748345e-01 3.393339333933393376e-01 3.276327632763269548e-01 3.483348334833475946e-01
3.564356435643564747e-01 2.997299729972997540e-01 4.005400540054006031e-01 4.923492349234912524e-01 4.293429342934294013e-01 3.726372637263718479e-01 3.555355535553555435e-01 2.160216021602160419e-01
4.590459045904590751e-01 4.815481548154815772e-01 4.302430243024302770e-01 2.988298829882981567e-01 3.141314131413142086e-01 3.663366336633655518e-01 3.924392439243916120e-01 2.601260126012601703e-01
3.717371737173709167e-01 1.395139513951395294e-01 4.653465346534643721e-01 3.384338433843376848e-01 4.644464446444634409e-01 3.537353735373537367e-01 2.556255625562550704e-01 1.800180018001800442e-01
4.806480648064796468e-01 4.446444644464436768e-01 3.933393339333933758e-01 4.284428442844284701e-01 2.385238523852385439e-01 3.195319531953195180e-01 3.375337533753375308e-01 4.185418541854185603e-01
4.680468046804681093e-01 4.347434743474348218e-01 4.563456345634553379e-01 4.680468046804681093e-01 4.950495049504951423e-02 3.321332133213321658e-01 4.599459945994589516e-01 2.592259225922592392e-01
3.951395139513951826e-01 2.421242124212421576e-01 2.484248424842484537e-01 4.419441944194419936e-01 3.168316831683168355e-01 3.501350135013493459e-01 2.835283528352828819e-01 4.311431143114312081e-01
2.862286228622862305e-01 2.952295229522952646e-01 4.482448244824482897e-01 4.464446444644454837e-01 4.248424842484248565e-01 3.213321332133213248e-01 3.690369036903682343e-01 2.916291629162916510e-01
4.851485148514841361e-01 4.401440144014401867e-01 4.446444644464446760e-01 1.881188118811881471e-01 4.176417641764176847e-01 3.357335733573350023e-01 3.186318631863186424e-01 2.682268226822682733e-01
3.897389738973888740e-01 4.104410441044104574e-01 3.879387938793879553e-01 5.670567056705670683e-02 2.763276327632763762e-01 2.727272727272727626e-01 4.086408640864086506e-01 2.961296129612961958e-01
4.464446444644464829e-01 4.005400540054006031e-01 4.680468046804681093e-01 5.130513051305130717e-02 2.349234923492349303e-01 2.709270927092703451e-01 1.998199819981998637e-01 2.844284428442844237e-01
4.329432943294330149e-01 4.212421242124212428e-01 4.419441944194419936e-01 4.590459045904580204e-01 4.320432043204311401e-01 4.023402340234023544e-01 3.897389738973897622e-01 2.817281728172810751e-01
2.700270027002700697e-03 2.718271827182718314e-01 3.825382538253825904e-01 4.086408640864086506e-01 4.815481548154805225e-01 2.763276327632757656e-01 2.133213321332133316e-01 3.474347434743467189e-01
3.366336633663366551e-01 2.871287128712871617e-01 4.401440144014401867e-01 2.430243024302430610e-01 3.888388838883888865e-01 4.185418541854185603e-01 1.935193519351935398e-01 4.221422142214212303e-01
4.842484248424832050e-01 4.779477947794769088e-01 4.482448244824472905e-01 2.277227722772277307e-01 4.635463546354625652e-01 3.069306930693069813e-01 3.510351035103510542e-01 2.547254725472547499e-01
4.410441044104410624e-01 2.808280828082801994e-01 4.644464446444634409e-01 4.788478847884778400e-01 4.194419441944194360e-01 3.402340234023402687e-01 3.906390639063898051e-01 3.258325832583258697e-01
4.392439243924392556e-01 4.545454545454545858e-01 4.824482448244813981e-01 3.096309630963096637e-01 4.140414041404131829e-01 4.176417641764167965e-01 3.339333933393339171e-01 2.961296129612961958e-01
8.730873087308732572e-02 2.043204320432043253e-01 3.618361836183618951e-01 3.429342934293429512e-01 4.041404140414041612e-01 3.510351035103502770e-01 2.142214221422142351e-01 1.890189018901890505e-01
1.683168316831683275e-01 2.070207020702070355e-01 4.509450945094510277e-01 4.464446444644454837e-01 4.896489648964885699e-01 3.870387038703870797e-01 3.609360936093601868e-01 2.304230423042304410e-01
2.889288928892889685e-01 3.339333933393339171e-01 3.825382538253825904e-01 1.827182718271827544e-01 3.051305130513051744e-01 3.816381638163817147e-01 3.384338433843384619e-01 5.310531053105298910e-02
2.124212421242119564e-01 4.527452745274527790e-01 1.845184518451845335e-01 3.996399639963997275e-01 3.762376237623762942e-01 4.014401440144005351e-01 2.826282628262826169e-01 2.700270027002694626e-03
4.356435643564356419e-01 4.446444644464446760e-01 4.293429342934294013e-01 4.563456345634553379e-01 2.943294329432937229e-01 3.654365436543646761e-01 3.285328532853285521e-01 3.492349234923493029e-01
4.644464446444634409e-01 2.493249324932493571e-01 4.608460846084608820e-01 2.565256525652565567e-01 4.113411341134113886e-01 2.205220522052200316e-01 3.717371737173709167e-01 3.753375337533753631e-01
4.923492349234912524e-01 4.347434743474348218e-01 3.762376237623762942e-01 4.725472547254714883e-01 3.168316831683168355e-01 3.042304230423042433e-01 3.393339333933386159e-01 2.511251125112511362e-01
2.745274527452739588e-01 4.212421242124202991e-01 4.185418541854185603e-01 4.194419441944194360e-01 3.015301530153008391e-01 3.546354635463546678e-01 3.357335733573357239e-01 2.394239423942389200e-01
3.762376237623762942e-01 3.150315031503143626e-01 4.203420342034203672e-01 2.313231323132313444e-01 3.024302430243024364e-01 2.592259225922592392e-01 3.870387038703870797e-01 2.781278127812775169e-01
1.737173717371737480e-01 4.365436543654365731e-01 4.356435643564356419e-01 3.573357335733573503e-01 4.662466246624652477e-01 3.789378937893789767e-01 3.906390639063906933e-01 2.349234923492349303e-01
3.042304230423035771e-01 3.114311431143107489e-01 4.086408640864086506e-01 2.574257425742574323e-01 1.746174617461746514e-01 3.897389738973888740e-01 3.852385238523843847e-01 2.790279027902783926e-01
4.428442844284418700e-01 1.764176417641764305e-01 4.275427542754265953e-01 4.374437443744364495e-01 3.861386138613861485e-01 4.509450945094499730e-01 2.646264626462646596e-01 2.097209720972097180e-01
4.743474347434743499e-01 4.257425742574257876e-01 4.455445544554446080e-01 3.339333933393331955e-01 4.590459045904580204e-01 4.203420342034194235e-01 4.131413141314131954e-01 2.529252925292523879e-01
4.113411341134113886e-01 3.951395139513951826e-01 4.653465346534654268e-01 4.383438343834383799e-01 3.213321332133206032e-01 1.944194419441944433e-01 3.339333933393339171e-01 3.600360036003600883e-01
3.708370837083708738e-01 2.232223222322232414e-01 4.140414041404141127e-02 4.356435643564356419e-01 4.419441944194419936e-01 1.917191719171917608e-01 3.357335733573350023e-01 3.177317731773177112e-01
8.550855085508532460e-02 3.195319531953195180e-01 1.260126012601257318e-02 4.563456345634553379e-01 3.708370837083700411e-01 4.266426642664266633e-01 2.268226822682268273e-01 1.287128712871287162e-01
2.862286228622862305e-01 7.470747074707470570e-02 3.654365436543655088e-01 4.752475247524752811e-01 3.141314131413142086e-01 2.781278127812781276e-01 2.592259225922586841e-01 3.240324032403240628e-01
4.284428442844284701e-01 4.743474347434732952e-01 9.000900090009001167e-03 4.500450045004500965e-01 1.926192619261926364e-01 4.293429342934284021e-01 4.266426642664266633e-01 2.448244824482448401e-01
4.473447344734464148e-01 4.959495949594948661e-01 3.231323132313224100e-01 3.276327632763276765e-01 4.527452745274527790e-01 3.159315931593159044e-01 3.510351035103510542e-01 4.257425742574257876e-01
2.718271827182718314e-01 4.140414041404140710e-01 3.285328532853278305e-01 4.500450045004490973e-01 4.338433843384338906e-01 3.807380738073807835e-01 7.020702070207021639e-02 2.898289828982891780e-01
7.380738073807364963e-02 4.320432043204320838e-01 3.132313231323132774e-01 4.518451845184509041e-01 3.303330333033303590e-01 3.240324032403240628e-01 3.330333033303323198e-02 2.781278127812781276e-01
8.280828082808264212e-02 4.815481548154805225e-01 3.897389738973897622e-01 1.944194419441944433e-01 2.394239423942394474e-01 3.258325832583258697e-01 3.231323132313224100e-01 2.457245724572457435e-01
4.725472547254725431e-01 4.293429342934294013e-01 4.662466246624652477e-01 4.554455445544554615e-01 4.545454545454545858e-01 4.095409540954095817e-01 1.827182718271827544e-01 2.736273627362736383e-01
