1.303397971889308504e+00 0.000000000000000000e+00
1.171420137803788952e+00 0.000000000000000000e+00
1.157154468912604761e+00 0.000000000000000000e+00
1.142985266744616091e+00 0.000000000000000000e+00
1.103154525609566949e+00 0.000000000000000000e+00
1.085040298190800057e+00 0.000000000000000000e+00
1.034241450358260428e+00 0.000000000000000000e+00
9.892628439622309644e-01 0.000000000000000000e+00
9.370046331626087355e-01 0.000000000000000000e+00
8.496382219083268295e-01 0.000000000000000000e+00
7.920352070034605285e-01 0.000000000000000000e+00
7.277758235130464826e-01 0.000000000000000000e+00
6.679632226151586138e-01 5.700570057005700797e-03
6.164859666007712624e-01 1.540154015401540288e-02
5.700257749690814668e-01 2.240224022402240167e-02
5.291640719633846635e-01 2.740274027402740328e-02
4.924620262032432527e-01 3.100310031003100306e-02
4.597720563433451146e-01 3.370337033703370289e-02
4.299038770435316681e-01 3.570357035703570353e-02
4.038383445346092060e-01 3.710371037103710190e-02
3.799315197033891200e-01 3.820382038203820607e-02
3.581571849048351686e-01 3.890389038903890179e-02
3.383131010281260065e-01 3.950395039503950406e-02
3.204166492603311434e-01 3.980398039803980520e-02
3.030120653606990788e-01 4.020402040204020672e-02
2.869506034487873669e-01 4.040404040404040747e-02
2.720605175593300840e-01 4.050405040504050785e-02
2.581286208340822785e-01 4.060406040604060823e-02
2.450527927039908016e-01 4.060406040604060823e-02
2.329602166034346611e-01 4.050405040504050785e-02
2.213596898647748890e-01 4.050405040504050785e-02
2.105318498290740248e-01 4.040404040404040747e-02
2.006949660921404921e-01 4.020402040204020672e-02
1.914504207101605238e-01 4.000400040004000596e-02
1.825525575827254832e-01 3.980398039803980520e-02
1.739663537462391996e-01 3.960396039603960444e-02
1.664385077743373020e-01 3.940394039403940368e-02
1.591604810397197756e-01 3.910391039103910255e-02
1.521273923275452411e-01 3.890389038903890179e-02
1.453771787210240418e-01 3.860386038603860759e-02
1.389857726986330200e-01 3.840384038403840683e-02
1.328169991371464798e-01 3.820382038203820607e-02
1.272640778652363025e-01 3.790379037903790493e-02
1.219817304845345896e-01 3.760376037603760380e-02
1.168408585011777440e-01 3.730373037303730266e-02
1.120269413563773353e-01 3.710371037103710190e-02
1.073603274563497273e-01 3.680368036803680770e-02
1.030095793888459732e-01 3.650365036503650656e-02
9.884736576252561857e-02 3.630363036303630581e-02
9.490259135114492706e-02 3.600360036003600467e-02
9.113623132187911868e-02 3.570357035703570353e-02
8.753947437116868513e-02 3.550355035503550277e-02
8.411402370637288683e-02 3.520352035203520163e-02
8.085366881693401009e-02 3.490349034903490744e-02
7.798046968144797808e-02 3.460346034603460630e-02
7.478291964968389327e-02 3.440344034403440554e-02
7.213231784871931840e-02 3.410341034103410440e-02
6.931869433610919617e-02 3.390339033903390364e-02
6.684485996480288295e-02 3.360336033603360251e-02
6.456193963095213650e-02 3.340334033403340175e-02
6.223626529412247532e-02 3.310331033103310755e-02
6.005859480402414574e-02 3.290329032903290679e-02
5.807760452339164048e-02 3.260326032603260565e-02
5.599548214610957503e-02 3.240324032403240490e-02
5.388613551798042411e-02 3.220322032203220414e-02
5.205542361604725138e-02 3.190319031903190300e-02
5.031310071782443133e-02 3.170317031703170224e-02
4.858744619682397320e-02 3.150315031503150148e-02
4.703205004969238101e-02 3.130313031303130072e-02
4.549223171731499316e-02 3.110311031103110344e-02
4.398692057147210455e-02 3.090309030903090268e-02
4.252710858328963284e-02 3.060306030603060501e-02
4.117844918802956999e-02 3.040304030403040425e-02
3.992575697192522061e-02 3.020302030203020349e-02
3.864332538994045413e-02 3.000300030003000273e-02
3.744641297400346652e-02 2.980298029802980544e-02
3.629762179620826118e-02 2.960296029602960469e-02
3.517570114558458971e-02 2.950295029502950431e-02
3.409147551151629069e-02 2.930293029302930355e-02
3.312107927304572957e-02 2.910291029102910279e-02
3.227445243812354647e-02 2.890289028902890550e-02
3.115967702234463677e-02 2.870287028702870474e-02
3.026585114212852409e-02 2.860286028602860436e-02
2.953420009898924045e-02 2.840284028402840361e-02
2.866155831419317165e-02 2.820282028202820285e-02
2.777949795967370183e-02 2.810281028102810247e-02
2.702556232899953892e-02 2.790279027902790518e-02
2.637362727925951500e-02 2.770277027702770442e-02
2.561288721870006238e-02 2.760276027602760404e-02
2.485713000037919132e-02 2.740274027402740328e-02
2.426488362617377006e-02 2.730273027302730290e-02
2.368050216642507075e-02 2.710271027102710215e-02
2.297010468498753358e-02 2.700270027002700524e-02
2.235061137264326633e-02 2.680268026802680448e-02
2.183599262817226966e-02 2.670267026702670410e-02
2.130588240648385520e-02 2.650265026502650334e-02
2.071166454449122757e-02 2.640264026402640296e-02
2.016703483236912536e-02 2.630263026302630258e-02
1.970372083461720616e-02 2.610261026102610182e-02
1.925266791853237278e-02 2.600260026002600491e-02
1.875076634409304083e-02 2.590259025902590453e-02
