0.000000000000000000e+00 5.779589337891751777e-01 6.023395626334582253e-01
1.000000000000000000e+01 5.580512032172216808e-01 5.792768553913880680e-01
2.000000000000000000e+01 5.385831999305905615e-01 5.607325133891024604e-01
3.000000000000000000e+01 5.162152246856440696e-01 5.395237771235209534e-01
4.000000000000000000e+01 4.904817124025783182e-01 5.145148749646357711e-01
5.000000000000000000e+01 4.600996853071549486e-01 4.858654369588354949e-01
6.000000000000000000e+01 4.248557937305892374e-01 4.518835887588704137e-01
7.000000000000000000e+01 3.845424093544200228e-01 4.135554391536302998e-01
8.000000000000000000e+01 3.400870605563069415e-01 3.709422105250017032e-01
9.000000000000000000e+01 2.876923658477785750e-01 3.207610691774659961e-01
1.000000000000000000e+02 2.446707099241169359e-01 2.802522799769971984e-01
1.100000000000000000e+02 2.070448203076483140e-01 2.447752178468821649e-01
1.200000000000000000e+02 1.749967074458215199e-01 2.148284216386517897e-01
1.300000000000000000e+02 1.484457660642817811e-01 1.903786843605715373e-01
1.400000000000000000e+02 1.267618681698139960e-01 1.707696267464069162e-01
1.500000000000000000e+02 1.092941142426295531e-01 1.552251330931766204e-01
1.600000000000000000e+02 9.522297795605409731e-02 1.429378362399492397e-01
1.700000000000000000e+02 8.376546705449659791e-02 1.331825107850937995e-01
1.800000000000000000e+02 7.432791280610764884e-02 1.253722617146110774e-01
1.900000000000000000e+02 6.651433765670838882e-02 1.190865741784598447e-01
2.000000000000000000e+02 5.994427280570372579e-02 1.139762235783662175e-01
2.100000000000000000e+02 5.435183705968771317e-02 1.097944851264562177e-01
2.200000000000000000e+02 4.955129149752250661e-02 1.063547461360684343e-01
2.300000000000000000e+02 4.540203055576609581e-02 1.035190417595863721e-01
2.400000000000000000e+02 4.177575734268585556e-02 1.011533960362176188e-01
2.500000000000000000e+02 3.858041313872966754e-02 9.918841884375202700e-02
2.600000000000000000e+02 3.573581595781969572e-02 9.755647661895547329e-02
2.700000000000000000e+02 3.318833878188049563e-02 9.620372360762834141e-02
2.800000000000000000e+02 3.089542513857556488e-02 9.508853933939286074e-02
2.900000000000000000e+02 2.882495737121792967e-02 9.418146780944711138e-02
3.000000000000000000e+02 2.695069527368932835e-02 9.344601491351797740e-02
3.100000000000000000e+02 2.524407623738261774e-02 9.286567260038464111e-02
3.200000000000000000e+02 2.369413123181091790e-02 9.242242440881198728e-02
3.300000000000000000e+02 2.227652582581398505e-02 9.207822080944019771e-02
3.400000000000000000e+02 2.098061007244202830e-02 9.183766513602406589e-02
3.500000000000000000e+02 1.978963981051769239e-02 9.167534881510934486e-02
3.600000000000000000e+02 1.869497284256740194e-02 9.160833875110591107e-02
3.700000000000000000e+02 1.768624071481157342e-02 9.160392802424580094e-02
3.800000000000000000e+02 1.675116318399559601e-02 9.165622347983627682e-02
3.900000000000000000e+02 1.588198988353704127e-02 9.176085363448575893e-02
4.000000000000000000e+02 1.507225540528812566e-02 9.191521435353147695e-02
4.100000000000000000e+02 1.431640521789116771e-02 9.210995433068851213e-02
4.200000000000000000e+02 1.360997933196438428e-02 9.235462362256610658e-02
4.300000000000000000e+02 1.294893462084466609e-02 9.263521259119317230e-02
4.400000000000000000e+02 1.232957896954575000e-02 9.294330573663096839e-02
4.500000000000000000e+02 1.174939474110240842e-02 9.328357780978811797e-02
4.600000000000000000e+02 1.120532656175352720e-02 9.364563630149719264e-02
4.700000000000000000e+02 1.069460214000680226e-02 9.403402696230740709e-02
4.800000000000000000e+02 1.021460873052540234e-02 9.444254952126472646e-02
4.900000000000000000e+02 9.762477839510079816e-03 9.487120126354231520e-02
5.000000000000000000e+02 9.336104557608398274e-03 9.531718521134605049e-02
5.100000000000000000e+02 8.933646435967923169e-03 9.577884765101485343e-02
5.200000000000000000e+02 8.553491352233428061e-03 9.625506122708867018e-02
5.300000000000000000e+02 8.194140502143797827e-03 9.674447187714962926e-02
5.400000000000000000e+02 7.855352935595305564e-03 9.725613108406157281e-02
5.500000000000000000e+02 7.535056201377528413e-03 9.774986711181452015e-02
5.600000000000000000e+02 7.231662282962419801e-03 9.827580180234715690e-02
5.700000000000000000e+02 6.944042536893855859e-03 9.879354228235116830e-02
5.800000000000000000e+02 6.671174991501755899e-03 9.933060442768813780e-02
5.900000000000000000e+02 6.412731120953615686e-03 9.987859586812691814e-02
6.000000000000000000e+02 6.168622834314352321e-03 1.004197074120407318e-01
6.100000000000000000e+02 5.936707969890783407e-03 1.009634124950680306e-01
6.200000000000000000e+02 5.716175866486789860e-03 1.015162621394391645e-01
6.300000000000000000e+02 5.506570598007437534e-03 1.020610832113805350e-01
6.400000000000000000e+02 5.307107951625054075e-03 1.026000639425700411e-01
6.500000000000000000e+02 5.117086610212611200e-03 1.031545072516387856e-01
6.600000000000000000e+02 4.935972292205261132e-03 1.037118926792976736e-01
6.700000000000000000e+02 4.763200071487180311e-03 1.042666371146754450e-01
6.800000000000000000e+02 4.598305648567792801e-03 1.048304842710418572e-01
6.900000000000000000e+02 4.440844858765770516e-03 1.053913342423666993e-01
7.000000000000000000e+02 4.290406357920788574e-03 1.059508622849533316e-01
7.100000000000000000e+02 4.146611838699331906e-03 1.065094205722699888e-01
7.200000000000000000e+02 4.009099063294690145e-03 1.070728016789930792e-01
7.300000000000000000e+02 3.877545853084369241e-03 1.076393423635615548e-01
7.400000000000000000e+02 3.751644801307060795e-03 1.081982681836022031e-01
7.500000000000000000e+02 3.631097416474239007e-03 1.087601036979773395e-01
7.600000000000000000e+02 3.515628469337654487e-03 1.093212098865540133e-01
7.700000000000000000e+02 3.404974968925305288e-03 1.098793706804671727e-01
7.800000000000000000e+02 3.298918005621786532e-03 1.104359952552208535e-01
7.900000000000000000e+02 3.197380752984342080e-03 1.109986038534036684e-01
8.000000000000000000e+02 3.100559011524587835e-03 1.115596760195936843e-01
8.100000000000000000e+02 3.008271875912036774e-03 1.120736686244590413e-01
8.200000000000000000e+02 2.918862091373528467e-03 1.126200358744892105e-01
8.300000000000000000e+02 2.833245941798209593e-03 1.131764746055447107e-01
8.400000000000000000e+02 2.751333117215956029e-03 1.137047212317881528e-01
8.500000000000000000e+02 2.672221949434747199e-03 1.142309195403819061e-01
8.600000000000000000e+02 2.596434762473380769e-03 1.147629096068212701e-01
8.700000000000000000e+02 2.523427999693930897e-03 1.153042396511213818e-01
8.800000000000000000e+02 2.453048109748488716e-03 1.158275259511688526e-01
8.900000000000000000e+02 2.385579507093925529e-03 1.163419384655093591e-01
9.000000000000000000e+02 2.320639217945722442e-03 1.168721217649018457e-01
9.100000000000000000e+02 2.257948945422678586e-03 1.174002166939063091e-01
9.200000000000000000e+02 2.197423917476106804e-03 1.179046178159539049e-01
9.300000000000000000e+02 2.139185167871317586e-03 1.184148302068526448e-01
9.400000000000000000e+02 2.083050630572108337e-03 1.189348825592659031e-01
9.500000000000000000e+02 2.028775254970748097e-03 1.194495113763603539e-01
9.600000000000000000e+02 1.976392153505659131e-03 1.199474442597212170e-01
9.700000000000000000e+02 1.925798839499684879e-03 1.204482893564492729e-01
9.800000000000000000e+02 1.877006921655264334e-03 1.209561635405792396e-01
9.900000000000000000e+02 1.829956207909082949e-03 1.214606910811262680e-01
1.000000000000000000e+03 1.784360800147114390e-03 1.219528512823340877e-01
