1.900190019001900266e-01 2.124212421242119564e-01 3.990399039904009570e-01 2.352235223522352592e-01 2.376237623762029461e-01 1.990199019905217748e-01 9.980998099729244954e-02 2.997299730126117279e-01
1.388138813881388267e-01 2.313231323132313444e-01 4.351435143514350568e-01 1.764176417642204786e-01 3.267326732673234702e-01 2.189218921892130132e-01 1.497149714969733814e-01 9.990999100005262812e-02
2.344234423442344284e-01 2.484248424842484537e-01 2.014201420142104904e-01 2.891289128913227535e-01 4.950495049504901046e-01 4.577457745761876473e-01 1.996199619973441086e-01 2.997299729973039173e-01
2.528252825282528149e-01 2.871287128712871617e-01 3.990399039903989586e-01 4.410441044103160513e-01 2.970297029703344860e-01 4.975497549757575966e-01 2.994299429960161629e-01 1.998199819973377478e-01
1.816181618161816225e-01 2.403240324032403508e-01 3.990399039904009570e-01 4.459445944594384037e-01 3.366336633663332689e-01 2.189218921895739467e-01 1.996199619963094085e-01 9.990999100143639622e-02
2.292229222922292364e-01 4.680468046804681093e-02 4.370437043704566982e-02 4.165416541652984805e-01 3.069306930692621282e-01 4.975497549753474247e-01 4.990499049933602715e-02 3.996399640168156187e-01
2.012201220122012135e-01 3.150315031503143626e-01 4.503450345034525348e-01 4.214421442144143382e-01 9.900990099008455392e-02 1.194119411941818309e-01 4.990499049899112527e-01 4.995499549933443695e-01
1.732173217321732184e-01 2.088208820882088423e-01 3.781378137813780627e-01 6.370637063706474645e-02 2.673267326732646221e-01 2.189218921892130132e-01 2.495249524966801358e-01 9.990999100420390466e-02
2.344234423442344284e-01 4.050405040504050369e-01 2.299229922992402364e-01 3.871387138714321718e-01 3.960396039603920892e-02 4.179417941800957492e-01 4.990499049904771889e-01 9.990999100420390466e-02
3.612361236123612374e-01 1.602160216021598638e-01 7.600760076007941936e-03 2.597259725973246058e-01 3.564356435643044052e-01 1.592159215924174309e-01 1.996199619973441086e-01 1.998199820084078093e-01
3.292329232923292270e-01 4.446444644464446760e-01 1.482148214821548682e-01 2.744274427442766617e-01 3.564356435644013832e-01 3.980398039801685828e-02 9.980998099867205431e-02 9.990999099909995962e-02
4.264426442644264625e-01 2.682268226822682733e-01 3.857385738573856915e-01 4.410441044104411179e-01 4.356435643564312565e-01 3.582358235821517245e-01 4.990499049933602715e-02 4.995499549950740414e-01
4.816481648164816498e-01 3.114311431143114706e-01 4.047404740474047080e-01 3.920392039204115275e-01 3.861386138615398589e-01 2.587258725876783183e-01 2.495249524949556263e-01 3.996399639946754956e-01
3.316331633163316361e-01 4.347434743474338226e-01 2.223222322232233927e-01 4.655465546554731771e-01 2.673267326732646221e-01 4.378437843786666672e-01 2.994299429960161629e-01 9.990999100420390466e-02
1.964196419641964231e-01 2.529252925292529430e-01 2.774277427742787849e-01 2.352235223522390895e-01 2.970297029702536618e-01 1.990199019905217748e-01 4.990499049907735213e-02 9.990999100420390466e-02
2.228222822282228399e-01 1.908190819081904133e-01 3.724372437243742007e-01 2.891289128912890583e-01 3.267326732673234702e-01 4.975497549754841486e-01 9.980998099867205431e-02 1.998199819980296388e-01
3.424342434243424216e-01 1.953195319531953467e-01 1.102110211021107566e-01 1.323132313231300816e-01 4.851485148516782031e-01 1.592159215922424320e-01 1.497149714969733814e-01 2.997299730126117279e-01
1.372137213721372206e-01 2.745274527452745694e-01 1.672167216721680005e-01 7.840784078407839197e-02 4.950495049506920681e-02 3.980398039810435773e-02 9.980998099867205431e-02 1.998199819973377478e-01
1.788178817881788119e-01 2.115211521152110530e-01 4.142414241424141608e-01 2.695269526952739914e-01 1.287128712871284941e-01 1.393139313931451295e-01 1.497149714971431622e-01 3.996399639964052231e-01
2.048204820482048272e-01 1.557155715571557353e-01 4.731473147314801952e-01 8.820882088208965854e-02 1.782178217821779320e-01 5.970597059705810145e-02 2.495249524966801358e-01 9.990999099910130576e-02
1.072107210721072179e-01 1.782178217821782373e-01 2.280228022802291421e-02 1.274127412741337395e-01 3.861386138615398589e-01 1.194119411940505748e-01 3.992399239946882172e-01 2.997299729980822947e-01
2.964296429642964137e-01 1.773177317731773339e-01 2.698269826982819253e-01 4.753475347534040218e-01 5.940594059406689720e-02 1.791179117914696306e-01 4.491449144940242721e-01 3.996399640168156187e-01
3.172317231723172370e-01 3.897389738973888740e-01 2.470247024702469929e-01 2.940294029402498732e-01 4.851485148514142476e-01 7.960796079585871765e-02 3.992399239946882172e-01 1.998199819973377478e-01
3.432343234323432246e-01 3.429342934293429512e-01 4.313431343134334073e-01 4.802480248025041143e-01 4.950495049504227696e-01 1.791179117911743113e-01 1.497149714980080815e-01 1.998199820028727924e-01
3.548354835483548686e-01 2.583258325832583635e-01 4.636463646364705204e-01 3.087308730873137841e-01 4.455445544553804926e-01 2.786278627862902590e-01 4.990499049907735213e-02 3.996399640168156187e-01
2.932293229322932571e-01 2.169216921692164735e-01 2.964296429642978570e-01 1.568156815681959748e-01 4.059405940593466822e-01 3.184318431848348618e-01 1.497149714972320633e-01 2.997299730126117279e-01
1.668166816681668219e-01 3.906390639063906933e-01 3.496349634963513697e-01 4.263426342634262789e-01 2.871287128713233550e-01 7.960796079620871546e-02 3.992399239919290355e-01 2.997299730126117279e-01
2.540254025402540194e-01 2.403240324032403508e-01 2.641264126412654067e-01 4.900490049005144511e-01 1.584158415841568357e-01 4.577457745774454745e-01 1.497149714971350576e-01 1.998199819987215020e-01
2.900290029002900449e-01 3.321332133213321658e-01 4.275427542754295929e-01 4.165416541652984805e-01 2.277227722771944796e-01 3.383338333838870615e-01 4.491449144940242721e-01 9.990999099909859960e-02
1.564156415641564102e-01 4.581458145814571448e-01 3.439343934393593871e-01 1.960196019601992412e-01 1.287128712871099256e-01 7.960796079612121601e-02 2.994299429960161629e-01 9.990999100420390466e-02
2.604260426042604437e-01 2.052205220522052287e-01 2.489248924892501214e-01 4.263426342635328048e-01 4.950495049504901046e-01 4.577457745774454745e-01 2.495249524966801358e-01 2.997299730043092025e-01
1.720172017201720138e-01 4.518451845184509041e-01 4.446444644464445650e-01 4.214421442144424268e-01 1.386138613861560842e-01 4.776477647772523483e-01 2.495249524966801358e-01 2.997299729960066217e-01
3.492349234923492474e-01 2.007200720072002675e-01 3.648364836483666274e-01 3.969396939693968784e-01 3.564356435643528664e-01 3.184318431848348618e-01 2.495249524949556263e-01 4.995499549968037689e-01
1.952195219521952185e-01 1.845184518451841171e-01 4.617461746174639781e-01 8.330833083308258891e-02 4.356435643568460359e-01 4.776477647772523483e-01 4.990499049933602715e-02 9.990999100143639622e-02
2.136213621362136328e-01 1.593159315931593212e-01 3.382338233823398710e-01 3.087308730873035145e-01 7.920792079208918701e-02 4.179417941794179026e-01 2.495249524966801358e-01 1.998199820084078093e-01
1.860186018601860114e-01 1.224122412241224200e-01 4.313431343134334073e-01 3.381338133813436841e-01 4.653465346534656488e-01 1.791179117914696306e-01 3.992399239919290355e-01 1.998199819982026115e-01
2.416241624162416279e-01 1.449144914491449221e-01 2.223222322232323023e-01 1.225122512251245327e-01 3.564356435643528664e-01 2.587258725872517706e-01 4.990499049933602715e-02 4.995499549933443695e-01
3.260326032603260704e-01 2.016201620162011710e-01 1.938193819382025007e-01 3.332333233323386823e-01 4.356435643564358640e-01 4.378437843783057337e-01 3.992399239946882172e-01 2.997299729960066217e-01
1.484148414841484076e-01 3.600360036003600883e-01 1.938193819381966720e-01 3.381338133814225655e-01 2.277227722771944796e-01 4.378437843784862005e-01 2.994299429960161629e-01 4.995499549933443695e-01
1.532153215321532258e-01 4.338433843384329469e-01 4.237423742374236135e-01 1.421142114211397245e-01 2.772277227722771409e-01 2.587258725872517706e-01 9.980998099798225887e-02 9.990999099901481939e-02
4.400440044004400586e-01 3.168316831683161139e-01 4.446444644464467855e-01 3.283328332833282959e-01 4.356435643564312565e-01 5.970597059715654353e-02 3.992399239924032672e-01 1.998199819973377478e-01
1.852185218521852361e-01 4.464446444644464829e-01 3.059305930593196887e-01 4.900490049004899706e-01 2.178217821782156283e-01 2.587258725872517706e-01 4.990499049933602715e-02 9.990999100420390466e-02
2.676267626762676155e-01 3.060306030603060501e-01 4.313431343134334073e-01 1.323132313231344948e-01 3.762376237623212827e-01 3.582358235829392612e-01 2.994299429960161629e-01 1.998199819973377478e-01
3.784378437843784471e-01 3.654365436543655088e-01 2.774277427742787849e-01 1.764176417641734329e-01 4.356435643566090032e-01 4.577457745774454745e-01 4.491449144909201441e-01 3.996399639946754956e-01
3.160316031603160325e-01 4.239423942394230371e-01 1.957195719571966641e-01 2.891289128913613338e-01 1.584158415841352696e-01 2.786278627864242630e-01 2.994299429960161629e-01 3.996399639725353725e-01
2.340234023402340269e-01 2.331233123312326239e-01 2.413241324132521515e-01 2.891289128913034912e-01 4.554455445544663972e-01 3.184318431844848640e-01 2.994299429939467627e-01 2.997299729794015155e-01
1.916191619161916326e-01 4.464446444644454837e-01 4.237423742374236135e-01 1.078107810781203518e-01 4.851485148515462531e-01 7.960796079620871546e-02 4.990499049916357621e-01 1.998199820084078093e-01
3.276327632763276210e-01 2.349234923492349303e-01 1.596159615961603717e-01 1.519151915191898350e-01 3.465346534653430677e-01 4.975497549754979709e-01 9.980998099832716353e-02 9.990999100005262812e-02
3.056305630563056486e-01 2.736273627362736383e-01 3.667366736673666749e-01 1.813181318131842912e-01 1.683168316831666345e-01 3.781378137814199181e-01 1.497149714969733814e-01 1.998199820084078093e-01
2.508250825082508073e-01 2.691269126912691489e-01 2.565256525652565567e-01 4.361436143614287331e-01 1.287128712871449254e-01 4.577457745774454745e-01 3.992399239946882172e-01 1.998199820084078093e-01
