4.284428442844284701e-01 4.158415841584158779e-01 2.709270927092709558e-01 3.033303330333033676e-01 1.503150315031503148e-01 1.764176417641764305e-01 5.400540054005389251e-02 5.850585058505851366e-02 2.700270027002700697e-03
4.419441944194419936e-01 4.770477047704760332e-01 4.734473447344724195e-01 9.630963096309631821e-02 1.422142214221422118e-01 1.539153915391539285e-01 7.830783078307813894e-02 4.680468046804681093e-02 3.870387038703862470e-02
4.374437443744374487e-01 3.321332133213321658e-01 4.428442844284418700e-01 1.602160216021602246e-01 2.853285328532846887e-01 6.300630063006300297e-02 4.050405040504050785e-02 6.480648064806467101e-02 2.250225022502250552e-02
2.970297029702964053e-01 4.491449144914482217e-01 3.474347434743474961e-01 1.539153915391539285e-01 1.224122412241221425e-01 9.000900090009002208e-02 6.930693069306931298e-02 2.520252025202520188e-02 9.360936093609339981e-02
3.888388838883879983e-01 4.464446444644454837e-01 4.590459045904580204e-01 3.897389738973888740e-01 3.150315031503150842e-01 1.071107110711071175e-01 1.071107110711068816e-01 3.780378037803780455e-02 3.330333033303323198e-02
4.599459945994600063e-01 1.935193519351935398e-01 3.663366336633663845e-01 1.908190819081908574e-01 3.933393339333933758e-01 2.232223222322232414e-01 1.098109810981095641e-01 3.330333033303323198e-02 9.090909090909092549e-02
2.664266426642664665e-01 4.473447344734464148e-01 4.356435643564346982e-01 1.854185418541854369e-01 1.881188118811881471e-01 1.431143114311431153e-01 4.617461746174607584e-01 2.970297029702970507e-02 8.820882088208821525e-02
4.761476147614761567e-01 3.861386138613861485e-01 2.565256525652559461e-01 2.295229522952295376e-01 1.548154815481544988e-01 1.746174617461742629e-01 5.670567056705658193e-02 6.030603060306031354e-02 2.070207020702070563e-02
4.797479747974797704e-01 2.628262826282628528e-01 4.941494149414930592e-01 2.214221422142214346e-01 3.744374437443744874e-01 1.260126012601257284e-01 1.233123312331230459e-01 6.480648064806480979e-02 6.300630063006300297e-02
3.546354635463538352e-01 4.464446444644454837e-01 4.464446444644454837e-01 3.168316831683168355e-01 1.521152115211517886e-01 1.080108010801080209e-01 1.890189018901890228e-02 3.060306030603053562e-02 5.490549054905478205e-02
4.680468046804681093e-01 4.437443744374438004e-01 2.205220522052205312e-01 4.455445544554446080e-01 2.745274527452739588e-01 1.071107110711071175e-01 1.296129612961296196e-01 1.620162016201616706e-01 4.230423042304230774e-02
4.869486948694858874e-01 4.662466246624663024e-01 3.186318631863179207e-01 4.599459945994589516e-01 3.303330333033296373e-01 1.125112511251122743e-01 2.160216021602155700e-01 7.470747074707470570e-02 1.350135013501350262e-02
3.933393339333933758e-01 4.545454545454535311e-01 2.520252025202514568e-01 2.178217821782178210e-01 1.944194419441944433e-01 2.097209720972092462e-01 6.930693069306931298e-02 1.143114311431143171e-01 3.780378037803780455e-02
3.357335733573350023e-01 2.376237623762376405e-01 4.158415841584149897e-01 1.764176417641764305e-01 9.270927092709271844e-02 2.646264626462640490e-01 9.540954095409542868e-02 1.368136813681368191e-01 1.170117011701170273e-02
4.194419441944194360e-01 1.467146714671467289e-01 2.412241224122412542e-01 2.286228622862286342e-01 2.142214221422142351e-01 9.000900090009002208e-02 7.650765076507651252e-02 2.520252025202520188e-02 1.710171017101710239e-02
2.817281728172817412e-01 3.168316831683161139e-01 4.716471647164706127e-01 1.899189918991895099e-01 1.134113411341134137e-01 7.200720072007200934e-02 6.570657065706571320e-02 2.340234023402340546e-02 1.800180018001800233e-02
4.572457245724572683e-01 4.518451845184509041e-01 3.159315931593159044e-01 4.698469846984698606e-01 3.807380738073799509e-01 1.926192619261921923e-01 6.390639063906376760e-02 1.557155715571557353e-01 2.250225022502250552e-02
4.905490549054894456e-01 4.563456345634553379e-01 3.312331233123312901e-01 1.476147614761476323e-01 1.512151215121508852e-01 1.233123312331230459e-01 9.000900090008981391e-02 7.830783078307831935e-02 1.890189018901886064e-02
3.735373537353735562e-01 4.518451845184509041e-01 2.790279027902790587e-01 4.347434743474338226e-01 3.330333033303322643e-01 1.359135913591356104e-01 2.151215121512151385e-01 4.320432043204321115e-02 1.530153015301526781e-02
2.061206120612061321e-01 3.618361836183618951e-01 3.312331233123312901e-01 2.781278127812781276e-01 1.287128712871284386e-01 1.539153915391535954e-01 4.770477047704771434e-02 3.600360036003600467e-02 4.410441044104400354e-02
3.006300630062999635e-01 3.078307830783078569e-01 3.573357335733573503e-01 4.059405940594059681e-01 1.431143114311431153e-01 8.280828082808282253e-02 1.989198919891984885e-01 5.310531053105310706e-02 4.320432043204311401e-02
4.122412241224122642e-01 3.762376237623762942e-01 4.743474347434743499e-01 4.050405040504041487e-01 1.530153015301530250e-01 3.231323132313224100e-01 3.510351035103510819e-02 1.053105310531053107e-01 4.680468046804681093e-02
4.671467146714672336e-01 4.320432043204320838e-01 4.590459045904580204e-01 4.302430243024293333e-01 1.656165616561656451e-01 9.630963096309631821e-02 1.017101710171017109e-01 8.640864086408642231e-02 6.660666066606661662e-02
4.797479747974797704e-01 3.906390639063906933e-01 4.365436543654355739e-01 1.890189018901886064e-01 2.358235823582358337e-01 1.296129612961293420e-01 6.390639063906390638e-02 4.140414041404141127e-02 7.200720072007201281e-03
4.923492349234912524e-01 4.077407740774068312e-01 4.797479747974787156e-01 1.818181818181818510e-01 8.820882088208821525e-02 1.611161116111607672e-01 6.300630063006300297e-02 3.870387038703862470e-02 1.620162016201620245e-02
2.583258325832583635e-01 2.412241224122412542e-01 3.978397839783979206e-01 3.429342934293429512e-01 3.933393339333924876e-01 2.421242124212416025e-01 7.740774077407741594e-02 6.210621062106197465e-02 5.040504050405029274e-02
9.000900090009001601e-04 2.196219621962196278e-01 2.187218721872187244e-01 9.000900090009002208e-02 1.359135913591359157e-01 1.170117011701170273e-01 3.240324032403233551e-02 4.050405040504050785e-02 5.400540054005401394e-03
3.402340234023402687e-01 4.023402340234023544e-01 3.465346534653465649e-01 3.123312331233124017e-01 1.332133213321332332e-01 2.007200720072002675e-01 5.760576057605761024e-02 1.377137713771377225e-01 3.780378037803780455e-02
2.835283528352835480e-01 3.006300630062999635e-01 4.248424842484248565e-01 4.230423042304221060e-01 3.456345634563449121e-01 1.602160216021598638e-01 7.740774077407741594e-02 3.420342034203420478e-02 2.790279027902784273e-02
4.743474347434743499e-01 4.383438343834383799e-01 4.257425742574257876e-01 2.286228622862286342e-01 3.051305130513044528e-01 1.404140414041400997e-01 7.560756075607560911e-02 6.300630063006286592e-03 2.700270027002700524e-02
3.546354635463538352e-01 4.806480648064796468e-01 2.259225922592254521e-01 1.359135913591359157e-01 1.584158415841584178e-01 2.466246624662460918e-01 5.220522052205221059e-02 5.040504050405029274e-02 4.320432043204321115e-02
3.393339333933393376e-01 4.761476147614751020e-01 1.710171017101710378e-01 2.061206120612061321e-01 3.915391539153906808e-01 1.224122412241224200e-01 7.830783078307831935e-02 4.320432043204321115e-02 1.674167416741670356e-01
4.500450045004500584e-03 4.383438343834373807e-01 4.185418541854185603e-01 1.827182718271827544e-01 2.034203420342034219e-01 1.125112511251122743e-01 7.380738073807364963e-02 2.070207020702066053e-02 2.880288028802880512e-02
4.131413141314131954e-01 2.979297929792973365e-01 4.455445544554446080e-01 1.368136813681368191e-01 3.501350135013493459e-01 1.314131413141314264e-01 4.950495049504951423e-02 7.380738073807381616e-02 2.700270027002694626e-02
4.860486048604850118e-01 4.131413141314131954e-01 2.160216021602160419e-01 2.772277227722766413e-01 3.537353735373537367e-01 7.200720072007200934e-02 1.584158415841584178e-01 6.570657065706556055e-02 7.200720072007184280e-02
4.878487848784867631e-01 4.077407740774077749e-01 2.844284428442844237e-01 4.302430243024293333e-01 2.961296129612955297e-01 1.197119711971197237e-01 1.125112511251122743e-01 6.210621062106211343e-02 2.700270027002694626e-03
3.771377137713771699e-01 3.834383438343835215e-01 3.303330333033303590e-01 3.555355535553555435e-01 1.809180918091809476e-01 9.630963096309631821e-02 6.030603060306031354e-02 2.700270027002694626e-02 4.320432043204321115e-02
4.851485148514841361e-01 4.428442844284428692e-01 4.194419441944184923e-01 4.419441944194409944e-01 1.350135013501350123e-01 1.332133213321332332e-01 9.360936093609362185e-02 6.300630063006300470e-03 2.610261026102610529e-02
2.628262826282628528e-01 3.105310531053105949e-01 2.313231323132308170e-01 4.644464446444634409e-01 1.062106210621062141e-01 1.485148514851482027e-01 4.590459045904590751e-02 7.560756075607560911e-02 7.290729072907291275e-02
2.655265526552655353e-01 1.755175517551755271e-01 1.476147614761476323e-01 1.035103510351035178e-01 1.125112511251125241e-01 8.820882088208800709e-02 2.097209720972092462e-01 6.120612061206121002e-02 1.080108010801080279e-02
4.491449144914482217e-01 4.527452745274527790e-01 2.538253825382532636e-01 1.872187218721872437e-01 3.879387938793870672e-01 1.665166516651665207e-01 4.860486048604861081e-02 5.400540054005389251e-03 1.800180018001800320e-03
3.303330333033296373e-01 3.609360936093609640e-01 4.194419441944184923e-01 2.790279027902783926e-01 1.359135913591359157e-01 1.602160216021602246e-01 2.142214221422137632e-01 6.660666066606661662e-02 1.233123312331233234e-01
4.878487848784867631e-01 4.140414041404140710e-01 4.149414941494150022e-01 3.330333033303330414e-01 1.458145814581454924e-01 8.460846084608461548e-02 3.240324032403240490e-02 6.750675067506750615e-02 5.040504050405040376e-02
1.557155715571557353e-01 4.689468946894679857e-01 4.266426642664266633e-01 4.257425742574257876e-01 1.251125112511251303e-01 2.817281728172810751e-01 3.483348334833475946e-01 4.050405040504050785e-02 5.580558055805581036e-02
3.429342934293429512e-01 4.725472547254725431e-01 4.779477947794769088e-01 4.302430243024293333e-01 3.366336633663358779e-01 1.485148514851485357e-01 5.940594059405941013e-02 2.610261026102610529e-02 5.490549054905478205e-02
2.295229522952295376e-01 1.980198019801980569e-01 2.817281728172817412e-01 1.530153015301530250e-01 2.160216021602155700e-01 3.339333933393331955e-01 9.000900090009002208e-02 6.750675067506735350e-02 3.087308730873080664e-01
2.673267326732673421e-01 1.557155715571557353e-01 2.484248424842484537e-01 3.024302430243024364e-01 1.512151215121512182e-01 2.646264626462646596e-01 4.950495049504939626e-02 8.280828082808282253e-02 5.400540054005401394e-03
4.635463546354625652e-01 4.617461746174607584e-01 1.584158415841584178e-01 3.636363636363637020e-01 2.106210621062106214e-01 9.450945094509452526e-02 9.090909090909092549e-02 9.000900090008980350e-03 1.530153015301530250e-02
1.944194419441944433e-01 3.906390639063906933e-01 3.276327632763276765e-01 1.719171917191715526e-01 1.593159315931589604e-01 1.314131413141314264e-01 5.130513051305130717e-02 1.890189018901890228e-02 1.350135013501350262e-02
4.086408640864086506e-01 4.275427542754275945e-01 4.293429342934294013e-01 3.384338433843384619e-01 1.152115211521152205e-01 3.960396039603960444e-02 2.439243924392433815e-01 1.440144014401440256e-02 4.140414041404141127e-02
