3.870387038703870797e-01 4.446444644464446760e-01 3.870387038703870797e-02 4.491449144914492209e-01 1.683168316831679390e-01 1.602160216021602246e-01 8.010801080108011230e-02 2.538253825382538187e-01 4.860486048604861081e-02
3.681368136813681358e-01 3.555355535553547663e-01 4.266426642664266633e-01 2.079207920792074948e-01 1.125112511251125241e-01 4.383438343834373807e-01 1.089108910891089105e-01 8.640864086408642231e-02 7.560756075607560911e-02
4.662466246624663024e-01 4.491449144914482217e-01 4.671467146714661789e-01 2.466246624662466469e-01 1.035103510351035178e-01 1.359135913591359157e-01 1.629162916291625740e-01 5.850585058505851366e-02 9.540954095409520663e-02
4.923492349234912524e-01 1.746174617461746514e-01 4.086408640864086506e-01 3.366336633663358779e-01 3.996399639963987838e-01 7.920792079207902847e-02 1.206120612061206271e-01 1.242124212421242269e-01 9.000900090009002208e-02
1.233123312331233234e-01 4.752475247524742263e-01 4.824482448244813981e-01 4.374437443744374487e-01 2.655265526552655353e-01 3.114311431143107489e-01 1.188118811881188203e-01 9.360936093609339981e-02 7.830783078307813894e-02
4.941494149414930592e-01 4.095409540954086380e-01 3.123312331233124017e-01 1.413141314131413084e-01 4.203420342034194235e-01 1.827182718271827544e-01 7.920792079207920888e-02 6.930693069306931298e-02 4.212421242124202991e-01
4.860486048604850118e-01 4.248424842484248565e-01 2.637263726372637285e-01 1.683168316831683275e-01 4.266426642664257196e-01 2.421242124212421576e-01 4.410441044104410763e-02 1.161116111611158602e-01 1.233123312331233234e-01
4.356435643564356419e-01 4.149414941494150022e-01 4.149414941494150022e-01 2.394239423942394474e-01 1.017101710171017109e-01 1.737173717371737480e-01 1.296129612961296196e-01 1.323132313231323298e-01 4.950495049504939626e-02
4.932493249324921836e-01 1.692169216921692310e-01 3.402340234023402687e-01 4.158415841584149897e-01 2.592259225922592392e-01 1.935193519351935398e-01 1.107110711071107173e-01 1.440144014401440256e-02 9.540954095409542868e-02
3.690369036903690669e-01 4.536453645364536547e-01 2.376237623762376405e-01 1.386138613861386260e-01 1.989198919891989603e-01 8.730873087308713143e-02 1.305130513051305230e-01 9.990999099909993186e-02 1.161116111611161239e-01
4.689468946894690404e-01 2.088208820882088423e-01 4.428442844284418700e-01 1.404140414041404328e-01 1.863186318631863403e-01 3.852385238523843847e-01 2.331233123312331512e-01 1.080108010801077850e-01 6.120612061206121002e-02
4.401440144014401867e-01 4.833483348334823293e-01 4.617461746174607584e-01 2.655265526552649802e-01 3.114311431143107489e-01 1.503150315031503148e-01 1.665166516651665207e-01 4.320432043204321115e-02 6.390639063906376760e-02
2.727272727272727626e-01 4.383438343834373807e-01 2.115211521152110530e-01 1.836183618361836301e-01 4.437443744374438004e-01 1.260126012601260059e-01 2.007200720072007116e-01 3.690369036903690808e-02 7.560756075607560911e-02
4.788478847884778400e-01 3.132313231323132774e-01 4.581458145814581995e-01 4.356435643564356419e-01 2.673267326732673421e-01 1.215121512151215305e-01 1.161116111611161239e-01 9.000900090008981391e-02 3.330333033303330831e-02
3.348334833483348483e-01 4.518451845184519033e-01 2.133213321332128598e-01 1.782178217821782373e-01 5.310531053105310706e-02 2.349234923492349303e-01 1.908190819081908574e-01 9.810981098109812504e-02 3.690369036903682481e-02
3.366336633663366551e-01 2.862286228622856199e-01 4.068406840684068437e-01 2.367236723672367371e-01 1.458145814581458255e-01 1.287128712871287162e-01 1.494149414941494114e-01 2.907290729072901092e-01 5.220522052205221059e-02
4.581458145814571448e-01 2.439243924392439367e-01 2.772277227722772519e-01 4.302430243024293333e-01 2.349234923492349303e-01 2.043204320432038812e-01 1.557155715571553745e-01 4.320432043204321115e-02 2.880288028802880512e-02
4.158415841584158779e-01 4.446444644464436768e-01 4.572457245724562691e-01 2.016201620162016150e-01 3.492349234923493029e-01 1.089108910891086746e-01 1.188118811881188203e-01 7.650765076507651252e-02 6.390639063906390638e-02
4.914491449144903767e-01 4.617461746174618131e-01 3.897389738973897622e-01 3.501350135013501230e-01 2.943294329432937229e-01 1.260126012601260059e-01 6.390639063906376760e-02 8.190819081908191912e-02 1.800180018001796200e-03
4.716471647164716674e-01 4.599459945994600063e-01 3.717371737173717494e-01 3.132313231323132774e-01 1.926192619261926364e-01 2.952295229522945985e-01 1.152115211521152205e-01 7.560756075607560911e-02 4.950495049504951423e-02
4.410441044104410763e-02 4.554455445544554615e-01 1.881188118811881471e-01 1.872187218721872437e-01 2.781278127812781276e-01 1.854185418541854369e-01 1.161116111611158602e-01 1.044104410441044212e-01 4.590459045904590751e-02
4.680468046804681093e-01 4.347434743474348218e-01 4.554455445544554615e-01 2.592259225922592392e-01 9.720972097209722163e-02 3.600360036003600883e-01 1.170117011701170273e-01 1.035103510351035178e-01 7.830783078307831935e-02
4.653465346534654268e-01 2.826282628262826169e-01 4.761476147614751020e-01 1.566156615661566387e-01 2.016201620162016150e-01 1.656165616561656451e-01 1.656165616561652842e-01 9.990999099909969594e-02 7.110711071107110592e-02
5.850585058505851366e-02 2.124212421242124282e-01 2.376237623762376405e-01 4.419441944194409944e-01 3.600360036003600883e-01 3.672367236723664274e-01 1.107110711071104675e-01 3.960396039603960444e-02 4.140414041404141127e-02
3.375337533753368091e-01 4.698469846984698606e-01 4.338433843384329469e-01 3.420342034203420756e-01 4.068406840684059556e-01 8.190819081908191912e-02 1.602160216021598638e-01 1.170117011701170273e-02 6.300630063006300470e-03
4.563456345634553379e-01 4.383438343834383799e-01 3.618361836183618951e-01 3.591359135913591571e-01 1.395139513951395294e-01 2.205220522052205312e-01 1.143114311431143171e-01 5.220522052205221059e-02 5.760576057605761024e-02
1.215121512151215305e-01 3.960396039603951424e-02 4.545454545454545858e-01 1.953195319531953467e-01 3.780378037803772129e-01 1.836183618361836301e-01 1.575157515751575421e-01 1.080108010801077850e-01 5.850585058505851366e-02
9.000900090008981001e-04 3.501350135013501230e-01 2.727272727272727626e-01 2.781278127812781276e-01 4.734473447344724195e-01 1.341134113411341366e-01 1.224122412241224200e-01 9.360936093609339981e-02 7.110711071107110592e-02
3.780378037803781011e-01 4.482448244824472905e-01 3.708370837083708738e-01 1.935193519351930957e-01 1.872187218721872437e-01 1.377137713771377225e-01 9.720972097209722163e-02 4.824482448244813981e-01 9.360936093609339981e-02
4.500450045004490973e-01 4.491449144914482217e-01 1.917191719171917608e-01 1.773177317731773339e-01 1.494149414941494114e-01 2.349234923492349303e-01 1.341134113411338313e-01 7.470747074707470570e-02 1.116111611161113709e-01
4.680468046804681093e-01 7.560756075607560911e-02 2.781278127812781276e-01 4.446444644464436768e-01 1.863186318631863403e-01 2.034203420342029778e-01 9.090909090909071733e-02 2.700270027002700524e-02 5.580558055805581036e-02
4.536453645364536547e-01 4.185418541854185603e-01 1.152115211521152205e-01 3.033303330333033676e-01 2.511251125112511362e-01 1.134113411341134137e-01 4.590459045904590751e-02 8.460846084608461548e-02 6.030603060306031354e-02
1.170117011701167498e-02 2.331233123312331512e-01 4.122412241224122642e-01 2.133213321332128598e-01 4.563456345634553379e-01 1.035103510351032957e-01 8.100810081008101571e-02 1.413141314131410031e-01 3.024302430243017703e-01
4.437443744374438004e-01 4.707470747074696815e-01 3.213321332133213248e-01 3.456345634563449121e-01 3.195319531953188519e-01 3.888388838883879983e-01 1.071107110711071175e-01 3.510351035103502493e-02 1.800180018001796070e-02
3.555355535553547663e-01 4.833483348334823293e-01 2.979297929792980026e-01 1.656165616561656451e-01 9.090909090909092549e-02 4.437443744374428012e-01 1.098109810981098139e-01 4.050405040504041765e-02 9.360936093609339981e-02
2.862286228622856199e-01 4.410441044104410624e-01 3.627362736273627708e-01 1.827182718271827544e-01 1.728172817281724560e-01 1.944194419441944433e-01 1.692169216921688424e-01 1.368136813681368191e-01 6.570657065706556055e-02
4.536453645364536547e-01 2.025202520252025185e-01 2.718271827182718314e-01 2.421242124212421576e-01 3.537353735373537367e-01 2.574257425742568772e-01 2.502250225022497054e-01 3.150315031503150148e-02 6.390639063906390638e-02
2.619261926192619216e-01 4.392439243924392556e-01 4.491449144914482217e-01 1.917191719171917608e-01 1.494149414941494114e-01 1.053105310531053107e-01 3.375337533753368091e-01 9.810981098109812504e-02 7.920792079207920888e-02
3.186318631863186424e-01 2.232223222322232414e-01 2.502250225022497054e-01 1.854185418541854369e-01 2.556255625562556255e-01 1.332133213321332332e-01 1.179117911791179169e-01 4.770477047704771434e-02 8.640864086408642231e-02
3.051305130513051744e-01 1.782178217821782373e-01 4.482448244824482897e-01 2.430243024302430610e-01 1.296129612961296196e-01 2.097209720972097180e-01 2.970297029702970715e-01 1.071107110711068816e-01 2.970297029702970507e-02
4.374437443744374487e-01 3.168316831683168355e-01 2.718271827182718314e-01 1.620162016201620314e-01 1.953195319531953467e-01 1.683168316831683275e-01 1.395139513951395294e-01 3.780378037803780455e-02 5.850585058505838182e-02
4.491449144914482217e-01 4.491449144914482217e-01 2.700270027002700246e-01 8.730873087308732572e-02 1.854185418541854369e-01 2.331233123312331512e-01 9.630963096309631821e-02 2.367236723672362098e-01 6.120612061206121002e-02
4.545454545454545858e-01 4.905490549054894456e-01 2.790279027902790518e-02 2.430243024302430610e-01 3.483348334833475946e-01 2.529252925292529430e-01 1.539153915391539285e-01 1.485148514851482027e-01 8.280828082808282253e-02
3.231323132313231317e-01 2.754275427542754451e-01 4.806480648064796468e-01 2.241224122412241448e-01 2.475247524752475503e-01 3.789378937893781440e-01 7.560756075607560911e-02 7.020702070207021639e-02 8.640864086408642231e-02
2.700270027002700697e-03 6.120612061206121002e-02 4.734473447344724195e-01 4.068406840684059556e-01 2.988298829882981567e-01 1.035103510351035178e-01 3.600360036003592556e-01 1.044104410441044212e-01 8.100810081008101571e-02
4.941494149414930592e-01 2.781278127812775169e-01 2.979297929792973365e-01 3.573357335733573503e-01 1.440144014401440187e-01 1.755175517551755271e-01 1.062106210621062141e-01 7.470747074707470570e-02 1.170117011701170273e-02
3.852385238523852728e-01 4.563456345634553379e-01 4.383438343834383799e-01 1.647164716471647417e-01 1.017101710171017109e-01 1.242124212421242269e-01 1.197119711971197237e-01 9.990999099909993186e-02 8.820882088208821525e-02
3.636363636363637020e-01 3.852385238523852728e-01 1.935193519351935398e-01 3.438343834383438824e-01 2.547254725472547499e-01 1.197119711971197237e-01 1.593159315931589604e-01 3.600360036003600467e-02 8.100810081008101571e-02
4.041404140414041612e-01 4.833483348334823293e-01 4.392439243924382564e-01 3.699369936993699426e-01 3.105310531053105949e-01 2.997299729972990323e-01 4.950495049504951423e-02 1.512151215121512182e-01 9.360936093609339981e-02
1.503150315031503148e-01 4.437443744374438004e-01 2.349234923492349303e-01 1.881188118811881471e-01 1.827182718271823381e-01 7.380738073807381616e-02 1.026102610261026143e-01 1.053105310531053107e-01 1.350135013501350262e-02
