1.256125612561256044e-01 2.268226822682263277e-01 2.641264126412654067e-01 3.087308730873035145e-01 8.910891089108821661e-02 3.383338333838870615e-01 1.996199619959645177e-01 2.997299729973039173e-01
1.396139613961396297e-01 1.215121512151212529e-01 3.097309730972988007e-01 3.038303830383796700e-01 4.356435643563719706e-01 2.388238823882324058e-01 9.980998099798225887e-02 1.998199819982026115e-01
1.052105210521052103e-01 1.269126912691269093e-01 2.242224222422252999e-01 3.185318531853343904e-01 9.900990099011148377e-03 4.975497549752107562e-01 2.495249524966801358e-01 2.997299729980822947e-01
2.120212021202120267e-01 1.404140414041404328e-01 2.432243224322468422e-01 3.430343034303600519e-02 9.900990099008455392e-02 5.970597059715654353e-02 2.495249524897820981e-01 2.997299729960066217e-01
1.836183618361836301e-01 2.277227722772277307e-01 1.691169116911767079e-01 2.940294029402940740e-02 2.376237623762376128e-01 5.970597059705810145e-02 4.990499049933602715e-02 3.996399640168156187e-01
1.184118411841184187e-01 1.242124212421242269e-01 1.140114011401145711e-01 3.871387138713805465e-01 3.564356435643528664e-01 4.378437843791478934e-01 2.994299429960161629e-01 2.997299730126117279e-01
1.908190819081908296e-01 3.582358235823582815e-01 2.622262226222622505e-01 3.479347934793536323e-01 2.475247524752450523e-01 3.980398039804147053e-02 1.996199619945848991e-01 2.997299730126117279e-01
1.192119211921192218e-01 1.710171017101710378e-01 2.014201420142024135e-01 4.802480248024811882e-01 4.950495049504227696e-01 2.786278627863094104e-01 1.996199619962016336e-01 9.990999099910130576e-02
2.696269626962696231e-01 3.816381638163808265e-01 3.040304030403085389e-01 3.038303830383037862e-01 9.900990099008454351e-03 7.960796079620871546e-02 1.996199619959645177e-01 3.996399639946754956e-01
2.416241624162416279e-01 3.357335733573357239e-01 2.717271727172717588e-01 9.800980098010941832e-02 9.900990099009884804e-02 5.970597059715654353e-02 4.491449144909201441e-01 9.990999100420390466e-02
1.260126012601260059e-01 2.826282628262826169e-01 1.691169116911699355e-01 3.234323432344041738e-01 1.683168316832353018e-01 4.179417941800957492e-01 1.996199619945848991e-01 2.997299729960066217e-01
1.608160816081608269e-01 1.323132313231323298e-01 4.237423742374236135e-01 3.430343034303429128e-01 2.871287128712451953e-01 1.194119411940505748e-01 2.495249524897820981e-01 3.996399639960592776e-01
2.156215621562156404e-01 1.134113411341134137e-01 2.413241324132424925e-01 3.185318531853237878e-01 2.673267326733009819e-01 7.960796079620871546e-02 4.990499049933602715e-01 4.995499549656691740e-01
9.200920092009201579e-02 2.700270027002700246e-01 2.337233723372348637e-01 3.381338133813774904e-01 2.376237623762352535e-01 3.184318431843098374e-01 4.990499049933602715e-01 1.998199820084078093e-01
2.508250825082508073e-01 3.195319531953195180e-01 4.028402840284027731e-01 1.911191119111942671e-01 5.940594059405881339e-02 1.592159215924174309e-01 4.990499049864622338e-01 2.997299729960066217e-01
2.484248424842484260e-01 1.485148514851482027e-01 1.691169116911699355e-01 2.401240124012360422e-01 4.455445544555016735e-01 3.781378137813939389e-01 3.493349334953521623e-01 1.998199819982026115e-01
2.376237623762376405e-01 1.332133213321332332e-01 1.235123512351290614e-01 3.038303830382986792e-01 2.772277227722744208e-01 3.184318431848348618e-01 4.990499049933602715e-02 1.998199820084078093e-01
2.568256825682568301e-01 3.375337533753375308e-01 1.786178617861866325e-01 3.087308730873086215e-01 3.069306930692621282e-01 1.791179117912727325e-01 2.994299429960161629e-01 1.998199819982890701e-01
2.476247624762476229e-01 1.377137713771377225e-01 3.287328732873286974e-01 2.646264626462601632e-01 3.564356435643650234e-01 3.980398039810435773e-02 1.996199619918256896e-01 1.998199820084078093e-01
1.056105610561056118e-01 1.206120612061203495e-01 1.919191919191919060e-01 2.597259725972899669e-01 2.970297029703344860e-02 1.194119411941244047e-01 3.992399239926188170e-01 1.998199819973377478e-01
2.472247224722472214e-01 1.566156615661562779e-01 9.880988098810324083e-02 3.626362636263625872e-01 2.970297029705768616e-02 4.378437843784260264e-01 1.996199619945848991e-01 9.990999100005262812e-02
2.592259225922592392e-01 1.620162016201616706e-01 1.786178617861794715e-01 2.695269526953009143e-01 7.920792079211073922e-02 4.179417941796363389e-01 2.495249524966801358e-01 3.996399640002105125e-01
1.360136013601360161e-01 1.143114311431143171e-01 3.382338233823381501e-01 5.880588058806173607e-02 1.980198019801690870e-02 1.791179117911773644e-01 1.996199619959645177e-01 3.996399639946754956e-01
2.552255225522552240e-01 2.961296129612961958e-01 3.705370537053723212e-01 1.127112711271258394e-01 2.871287128715576675e-01 7.960796079612121601e-02 1.497149714971472145e-01 4.995499549933443695e-01
1.544154415441544304e-01 1.197119711971197237e-01 1.520152015201542764e-02 2.548254825482589858e-01 3.663366336633128717e-01 3.184318431841348662e-01 4.990499049903424078e-01 9.990999099313384313e-02
8.360836083608361169e-02 2.394239423942394474e-01 2.793279327932806644e-01 3.920392039204376872e-02 2.673267326732282623e-01 9.950995099509682418e-02 1.497149714974907453e-01 9.990999100420390466e-02
2.724272427242724337e-01 2.259225922592254521e-01 2.470247024702482419e-01 2.009200920092243103e-01 2.871287128712451953e-01 4.776477647751523059e-01 1.497149714980080815e-01 9.990999099910130576e-02
1.404140414041404050e-01 2.160216021602155700e-01 4.940494049405162041e-02 4.312431243123089897e-01 1.485148514852076274e-01 4.776477647751523059e-01 1.497149714980080815e-01 1.998199819973377478e-01
2.916291629162916510e-01 3.411341134113411444e-01 2.584258425842622664e-01 3.087308730873060680e-01 3.762376237623212827e-01 5.970597059715654353e-02 2.994299429960161629e-01 2.997299729980822947e-01
2.764276427642764489e-01 3.168316831683168355e-01 1.368136813681429531e-01 3.528352835283586342e-01 1.881188118811862320e-01 1.990199019905217748e-01 9.980998099867205431e-02 3.996399639960592776e-01
1.444144414441444202e-01 2.781278127812781276e-01 2.774277427742774527e-01 2.793279327933490541e-01 1.980198019802768272e-01 1.592159215924174309e-01 3.992399239919290355e-01 3.996399639946754956e-01
1.672167216721672234e-01 2.583258325832577529e-01 1.235123512351241210e-01 2.744274427442697784e-01 3.861386138613297492e-01 3.980398039810435773e-02 2.994299429944641266e-01 9.990999100420390466e-02
2.732273227322732367e-01 1.440144014401440187e-01 3.515351535153514173e-01 3.234323432343233495e-01 2.673267326732282623e-01 5.970597059715654353e-02 1.497149714969733814e-01 1.998199820084078093e-01
1.296129612961296196e-01 1.341134113411341366e-01 3.648364836483666274e-01 2.450245024502408775e-01 4.950495049504227696e-02 4.577457745771938979e-01 2.495249524966801358e-01 1.998199820084078093e-01
1.240124012401240122e-01 2.736273627362736383e-01 1.653165316531653439e-01 1.960196019601960493e-01 2.871287128712879388e-01 2.388238823886261741e-01 1.497149714980080815e-01 4.995499549933443695e-01
1.528152815281528243e-01 3.267326732673260237e-01 3.078307830782969767e-01 3.577357735772563330e-01 4.950495049504963913e-02 1.990199019900842914e-01 2.495249524966801358e-01 9.990999099866887390e-02
1.276127612761276120e-01 3.870387038703861915e-01 2.413241324132424925e-01 2.891289128912938877e-01 4.158415841584116590e-01 2.786278627867305180e-01 4.990499049903424078e-01 9.990999099866887390e-02
1.220122012201220185e-01 3.915391539153906808e-01 2.755275527552768500e-01 3.577357735773635805e-01 4.158415841583550931e-01 3.781378137813939389e-01 1.996199619973441086e-01 1.998199819980296388e-01
2.228222822282228399e-01 2.826282628262826169e-01 2.793279327932806644e-01 2.989298929892988399e-01 2.673267326732672866e-01 3.582358235829392612e-01 3.493349334929378713e-01 9.990999100420390466e-02
2.964296429642964137e-01 1.791179117911791407e-01 4.636463646364635260e-01 1.078107810781095688e-01 4.950495049506920681e-02 2.786278627862807111e-01 2.994299429960161629e-01 4.995499550210195094e-01
1.324132413241324302e-01 2.817281728172810751e-01 2.565256525652680475e-01 2.842284228422983783e-01 2.277227722771944796e-01 3.980398039810435495e-01 2.495249524966801358e-01 2.997299729960066217e-01
1.460146014601460263e-01 1.440144014401440187e-01 9.310931093109355017e-02 2.254225422542516788e-01 3.762376237623212827e-01 3.980398039792935605e-01 4.990499049933602715e-01 9.990999100420390466e-02
1.712171217121712108e-01 1.710171017101706492e-01 2.679267926792692212e-01 2.450245024502735458e-01 3.366336633664706035e-01 3.383338333838870615e-01 4.990499049905579576e-01 2.997299730126117279e-01
1.812181218121812210e-01 2.574257425742568772e-01 2.375237523752410651e-01 3.038303830382986792e-01 2.079207920792080500e-01 2.985298529857827177e-01 9.980998099867205431e-02 2.997299729960066217e-01
1.708170817081708093e-01 1.458145814581454924e-01 2.546254625462558430e-01 3.871387138713902609e-01 3.366336633663332689e-01 3.383338333832362488e-01 9.980998099867205431e-02 1.998199819980296388e-01
1.996199619961996352e-01 1.440144014401440187e-01 2.071207120712081351e-01 7.840784078408753743e-02 2.772277227722744208e-01 4.577457745774454745e-01 2.994299429918773625e-01 4.995499549968037689e-01
1.300130013001300211e-01 2.232223222322227418e-01 1.824182418241906134e-01 3.871387138713870413e-01 3.861386138614347763e-01 4.179417941791769842e-01 1.497149714980080815e-01 9.990999099866887390e-02
1.540154015401540288e-01 1.494149414941494114e-01 2.299229922992310216e-01 3.920392039203853818e-01 3.564356435644013832e-01 9.950995099504214569e-02 4.990499049933602715e-02 4.995499550071819672e-01
2.136213621362136328e-01 1.062106210621062141e-01 2.413241324132449073e-01 2.695269526952649985e-01 7.920792079208918701e-02 1.194119411943130871e-01 1.996199619961996352e-01 3.996399639946754956e-01
1.408140814081408065e-01 1.602160216021602246e-01 1.273127312731330285e-01 4.655465546554576894e-01 1.980198019801977100e-02 5.970597059715654353e-02 9.980998099867205431e-02 9.990999099866887390e-02
