2.949384398555759734e+00 0.000000000000000000e+00
1.835966942140214053e+00 0.000000000000000000e+00
1.032708026094649734e+00 0.000000000000000000e+00
8.316401505011852269e-01 0.000000000000000000e+00
8.262335417658813741e-01 0.000000000000000000e+00
9.511697988136705861e-01 0.000000000000000000e+00
9.898265356392331737e-01 0.000000000000000000e+00
1.012153668062308665e+00 0.000000000000000000e+00
1.053357591545020400e+00 0.000000000000000000e+00
1.080403541398984535e+00 0.000000000000000000e+00
1.094071519212639121e+00 0.000000000000000000e+00
1.110119632695950820e+00 0.000000000000000000e+00
1.128353001272432099e+00 0.000000000000000000e+00
1.141751336078447032e+00 0.000000000000000000e+00
1.150803280316823329e+00 0.000000000000000000e+00
1.155197172539921713e+00 0.000000000000000000e+00
1.161424256232629348e+00 0.000000000000000000e+00
1.165325073933602518e+00 0.000000000000000000e+00
1.174488935727879380e+00 0.000000000000000000e+00
1.180274049422819660e+00 0.000000000000000000e+00
1.168705880968232469e+00 0.000000000000000000e+00
1.153260352876571027e+00 0.000000000000000000e+00
1.126249385000810399e+00 0.000000000000000000e+00
1.112282865276606358e+00 0.000000000000000000e+00
1.101719048591125683e+00 0.000000000000000000e+00
1.078052583036644752e+00 0.000000000000000000e+00
1.052083424932844569e+00 0.000000000000000000e+00
1.011215123937029947e+00 0.000000000000000000e+00
9.651632985950924226e-01 0.000000000000000000e+00
9.247105957018054712e-01 0.000000000000000000e+00
8.789010554383721585e-01 0.000000000000000000e+00
8.305118857280364697e-01 0.000000000000000000e+00
7.745401729247050060e-01 0.000000000000000000e+00
7.260419655193702804e-01 0.000000000000000000e+00
6.801947698942822917e-01 1.333777925975325029e-03
6.419689118875266942e-01 4.334778259419806885e-03
6.064497994690132288e-01 7.002334111370456943e-03
5.848045109240967987e-01 8.336112037345782405e-03
5.611773971310444198e-01 1.000333444481493750e-02
5.367371736150408079e-01 1.133711237079026296e-02
5.146741434741255450e-01 1.267089029676558842e-02
5.006487960798584602e-01 1.333777925975325115e-02
4.881674857635080467e-01 1.400466822274091389e-02
4.738360888684595706e-01 1.467155718572857662e-02
4.576742129194533715e-01 1.533844614871623935e-02
4.429243053338794978e-01 1.600533511170390208e-02
4.287135873979758260e-01 1.667222407469156481e-02
4.133089771602146967e-01 1.733911303767922754e-02
3.991888926141065608e-01 1.800600200066689027e-02
3.851970392614885719e-01 1.867289096365455300e-02
3.714298255339713584e-01 1.933977992664221573e-02
3.564559686311229436e-01 1.967322440813604537e-02
3.436789550991956044e-01 2.034011337112370810e-02
3.300826274936143334e-01 2.067355785261753773e-02
3.186084935363469595e-01 2.134044681560520046e-02
3.070688042075065405e-01 2.167389129709903356e-02
2.982291989727198778e-01 2.200733577859286319e-02
2.897861376020136603e-01 2.200733577859286319e-02
2.823382605825647262e-01 2.234078026008669629e-02
2.749927378280023205e-01 2.234078026008669629e-02
2.666446840115551664e-01 2.267422474158052592e-02
2.593220556465299365e-01 2.267422474158052592e-02
2.521038670676049032e-01 2.300766922307435902e-02
2.447689622647024887e-01 2.300766922307435902e-02
2.372209423175055676e-01 2.334111370456818865e-02
2.302720569328603473e-01 2.334111370456818865e-02
2.231662604645126835e-01 2.367455818606202175e-02
2.162028835226219581e-01 2.367455818606202175e-02
2.103631157117935024e-01 2.400800266755585138e-02
2.055551735929555812e-01 2.400800266755585138e-02
1.995346369503664119e-01 2.400800266755585138e-02
1.944226869087537224e-01 2.400800266755585138e-02
1.893977684452503585e-01 2.434144714904968448e-02
1.842003439797837427e-01 2.400800266755585138e-02
1.802076766588836532e-01 2.400800266755585138e-02
1.762560558562723534e-01 2.367455818606202175e-02
1.724604286432650790e-01 2.367455818606202175e-02
1.685538207450209824e-01 2.367455818606202175e-02
1.652894859790025039e-01 2.367455818606202175e-02
1.617467502463476314e-01 2.367455818606202175e-02
1.583942064956839202e-01 2.367455818606202175e-02
1.552703717210950907e-01 2.367455818606202175e-02
1.520169800154758666e-01 2.367455818606202175e-02
1.489275334650606852e-01 2.367455818606202175e-02
1.460142930344241197e-01 2.367455818606202175e-02
1.430343719480258735e-01 2.367455818606202175e-02
1.402080614474912057e-01 2.367455818606202175e-02
1.374608930339575874e-01 2.367455818606202175e-02
1.348258008452168644e-01 2.367455818606202175e-02
1.321846374449051897e-01 2.367455818606202175e-02
1.298293416269924450e-01 2.334111370456818865e-02
1.274927299547912174e-01 2.334111370456818865e-02
1.250778862414302917e-01 2.334111370456818865e-02
1.227690711000163082e-01 2.334111370456818865e-02
1.204734924265401241e-01 2.334111370456818865e-02
1.181749804631790773e-01 2.334111370456818865e-02
1.161777419982544940e-01 2.334111370456818865e-02
1.139433449146268068e-01 2.334111370456818865e-02
1.120064071951575729e-01 2.334111370456818865e-02
1.098871385656150779e-01 2.334111370456818865e-02
1.081388371048707525e-01 2.300766922307435902e-02
1.061785457057929649e-01 2.300766922307435902e-02
1.046621439979702195e-01 2.300766922307435902e-02
1.028646484124177696e-01 2.300766922307435902e-02
1.010277973331709933e-01 2.300766922307435902e-02
9.926084966455737957e-02 2.300766922307435902e-02
9.757357483661435738e-02 2.300766922307435902e-02
9.587746078100967129e-02 2.267422474158052592e-02
9.419346083237614686e-02 2.267422474158052592e-02
9.258619966296115222e-02 2.267422474158052592e-02
9.105785949233893839e-02 2.267422474158052592e-02
8.958357014144192887e-02 2.267422474158052592e-02
8.813897602554190969e-02 2.267422474158052592e-02
8.664884656151498887e-02 2.267422474158052592e-02
8.522992168219985232e-02 2.267422474158052592e-02
8.377868500171353761e-02 2.234078026008669629e-02
8.238007497991371719e-02 2.234078026008669629e-02
8.108853714478191088e-02 2.234078026008669629e-02
7.980747492410462940e-02 2.234078026008669629e-02
7.854521198142866423e-02 2.234078026008669629e-02
7.737972698751770240e-02 2.234078026008669629e-02
7.631427234949979266e-02 2.234078026008669629e-02
7.523241922301526774e-02 2.234078026008669629e-02
7.403444492038384339e-02 2.234078026008669629e-02
7.295563494720840036e-02 2.200733577859286319e-02
7.206879548365967281e-02 2.200733577859286319e-02
7.103614597023880095e-02 2.200733577859286319e-02
7.002903277531043191e-02 2.200733577859286319e-02
6.903093692994841102e-02 2.200733577859286319e-02
6.811557024641531899e-02 2.200733577859286319e-02
6.720025578631523555e-02 2.200733577859286319e-02
6.619913288797109330e-02 2.200733577859286319e-02
6.530296812697947151e-02 2.167389129709903356e-02
6.451548895939986095e-02 2.167389129709903356e-02
6.357904167170748411e-02 2.167389129709903356e-02
6.282138140303017426e-02 2.167389129709903356e-02
6.191678363298516730e-02 2.167389129709903356e-02
6.114686025018254562e-02 2.167389129709903356e-02
6.038574040251954572e-02 2.167389129709903356e-02
5.961481207656210007e-02 2.167389129709903356e-02
5.878883525238295243e-02 2.167389129709903356e-02
5.814782771232948622e-02 2.134044681560520046e-02
5.731254697602178316e-02 2.134044681560520046e-02
5.658051032704731337e-02 2.134044681560520046e-02
5.582471172233665485e-02 2.134044681560520046e-02
5.510534761078595550e-02 2.134044681560520046e-02
5.452146399615957761e-02 2.134044681560520046e-02
5.377638913873847293e-02 2.134044681560520046e-02
5.312936995047321670e-02 2.134044681560520046e-02
5.249386048044316078e-02 2.100700233411137083e-02
5.178621260078976329e-02 2.100700233411137083e-02
5.117498856306652855e-02 2.100700233411137083e-02
5.064998995016687516e-02 2.100700233411137083e-02
4.998899702909033460e-02 2.100700233411137083e-02
4.939082367602030260e-02 2.100700233411137083e-02
4.877877141531572480e-02 2.100700233411137083e-02
4.815198861198648206e-02 2.100700233411137083e-02
4.757120261453635229e-02 2.100700233411137083e-02
4.704661253189225401e-02 2.067355785261753773e-02
4.648750971920655867e-02 2.067355785261753773e-02
4.586070694264035574e-02 2.067355785261753773e-02
4.540908634790860599e-02 2.067355785261753773e-02
4.483698208643572408e-02 2.067355785261753773e-02
4.428521315730651886e-02 2.067355785261753773e-02
4.385260523128699239e-02 2.067355785261753773e-02
4.329937697995167589e-02 2.067355785261753773e-02
4.282893975705696216e-02 2.067355785261753773e-02
4.224828963307206142e-02 2.067355785261753773e-02
4.177059514027085807e-02 2.034011337112370810e-02
4.126232954971369854e-02 2.034011337112370810e-02
4.085583374667325213e-02 2.034011337112370810e-02
4.035653439978638402e-02 2.034011337112370810e-02
3.988779692515110470e-02 2.034011337112370810e-02
3.951229437853487347e-02 2.034011337112370810e-02
3.899695763131448556e-02 2.034011337112370810e-02
3.853818009864065641e-02 2.034011337112370810e-02
3.807136921071498092e-02 2.034011337112370810e-02
3.763844417579840368e-02 2.034011337112370810e-02
3.722351559641425695e-02 2.000666888962987500e-02
3.674757048028926693e-02 2.000666888962987500e-02
3.633806808252806886e-02 2.000666888962987500e-02
3.588831677339777287e-02 2.000666888962987500e-02
3.544776134465817130e-02 2.000666888962987500e-02
3.508935853651751202e-02 2.000666888962987500e-02
3.467961921246366652e-02 2.000666888962987500e-02
3.424207897033302445e-02 2.000666888962987500e-02
3.389116039925217649e-02 2.000666888962987500e-02
3.353295231629827705e-02 2.000666888962987500e-02
3.316460790208915904e-02 2.000666888962987500e-02
3.277145664377216494e-02 1.967322440813604537e-02
3.248443289147739943e-02 1.967322440813604537e-02
3.211919781091106263e-02 1.967322440813604537e-02
3.175218503515887802e-02 1.967322440813604537e-02
3.139112665942150882e-02 1.967322440813604537e-02
3.115249375500862838e-02 1.967322440813604537e-02
3.084607361743828616e-02 1.967322440813604537e-02
3.057957921697393097e-02 1.967322440813604537e-02
3.024257517054873209e-02 1.967322440813604537e-02
2.993795737574491550e-02 1.967322440813604537e-02
2.967148126288526172e-02 1.933977992664221573e-02
2.933270888893737063e-02 1.933977992664221573e-02
