0.000000000000000000e+00 1.023255209583294967e+00 1.098596041906335419e+00
1.000000000000000000e+01 7.975962009583794643e-01 8.363513359582911422e-01
2.000000000000000000e+01 6.925129459969772139e-01 7.064050766119904790e-01
3.000000000000000000e+01 6.590264978910480576e-01 6.687272604098462025e-01
4.000000000000000000e+01 6.260783994475082048e-01 6.488364796821984859e-01
5.000000000000000000e+01 6.013702382463155249e-01 6.381241869769509467e-01
6.000000000000000000e+01 5.819307906561791421e-01 6.257161620875431041e-01
7.000000000000000000e+01 5.671512832299974161e-01 6.152437138907387304e-01
8.000000000000000000e+01 5.560073545130412853e-01 6.093194520656375346e-01
9.000000000000000000e+01 5.458769405280008424e-01 6.038458125981772673e-01
1.000000000000000000e+02 5.364503807424988446e-01 5.981553361981110095e-01
1.100000000000000000e+02 5.274977385736748792e-01 5.927879877920959606e-01
1.200000000000000000e+02 5.186521420913872138e-01 5.873978702428536147e-01
1.300000000000000000e+02 5.096566813624979764e-01 5.816743419333791909e-01
1.400000000000000000e+02 5.005334391932966254e-01 5.758161940575721172e-01
1.500000000000000000e+02 4.909635553201101010e-01 5.695968629457601740e-01
1.600000000000000000e+02 4.808749427754964167e-01 5.632361761143696022e-01
1.700000000000000000e+02 4.702090800637780399e-01 5.561406782524344061e-01
1.800000000000000000e+02 4.587651891833967044e-01 5.483329467956810088e-01
1.900000000000000000e+02 4.463189448185995722e-01 5.399263875267060753e-01
2.000000000000000000e+02 4.329182936317330088e-01 5.304056043642837448e-01
2.100000000000000000e+02 4.184413801073293970e-01 5.202601841449997488e-01
2.200000000000000000e+02 4.029195051510382486e-01 5.088520728375114377e-01
2.300000000000000000e+02 3.864131371645712076e-01 4.971334378005047849e-01
2.400000000000000000e+02 3.683067020780255718e-01 4.841157728382997627e-01
2.500000000000000000e+02 3.488598795105881112e-01 4.698431500145132667e-01
2.600000000000000000e+02 3.283414532128932084e-01 4.542759485381303586e-01
2.700000000000000000e+02 3.071689289061266259e-01 4.381978041654692735e-01
2.800000000000000000e+02 2.860268727781430931e-01 4.218017514457845785e-01
2.900000000000000000e+02 2.652031902199979974e-01 4.057664711674001112e-01
3.000000000000000000e+02 2.452494822787452400e-01 3.904285645602983412e-01
3.100000000000000000e+02 2.262648570499333489e-01 3.758315922906584894e-01
3.200000000000000000e+02 2.082514677078937115e-01 3.616033075666702512e-01
3.300000000000000000e+02 1.915442345686675929e-01 3.485842976999897758e-01
3.400000000000000000e+02 1.762761805409722160e-01 3.367981828870376115e-01
3.500000000000000000e+02 1.623083944974868797e-01 3.259346574203753066e-01
3.600000000000000000e+02 1.495143466726997772e-01 3.158175289441605971e-01
3.700000000000000000e+02 1.378846666672539634e-01 3.067633104875611139e-01
3.800000000000000000e+02 1.273751695639632198e-01 2.986798785476396101e-01
3.900000000000000000e+02 1.177827054004411678e-01 2.914176650533041313e-01
4.000000000000000000e+02 1.090969025428643185e-01 2.849170520088294967e-01
4.100000000000000000e+02 1.012037594640559091e-01 2.790990852408932188e-01
4.200000000000000000e+02 9.403824946079500369e-02 2.737966449968776694e-01
4.300000000000000000e+02 8.750670166948723572e-02 2.690961242876770965e-01
4.400000000000000000e+02 8.159790455674138798e-02 2.649918116780357602e-01
4.500000000000000000e+02 7.621243371461297600e-02 2.612213982028581127e-01
4.600000000000000000e+02 7.130959777287726453e-02 2.578893078099268599e-01
4.700000000000000000e+02 6.681091004271605405e-02 2.550016303319458388e-01
4.800000000000000000e+02 6.268857627860897896e-02 2.524432949628522826e-01
4.900000000000000000e+02 5.885629054467986232e-02 2.501663744776890241e-01
5.000000000000000000e+02 5.528561902333678502e-02 2.481886273132060949e-01
5.100000000000000000e+02 5.205601118297112362e-02 2.463458638575365123e-01
5.200000000000000000e+02 4.911767710352163419e-02 2.447887596909901486e-01
5.300000000000000000e+02 4.641322635399301733e-02 2.434322882105478814e-01
5.400000000000000000e+02 4.391864325629651900e-02 2.422365402899128439e-01
5.500000000000000000e+02 4.161359736353393429e-02 2.412646269916435826e-01
5.600000000000000000e+02 3.949457123703490474e-02 2.404329161015716088e-01
5.700000000000000000e+02 3.753027632728758028e-02 2.396432797459903952e-01
5.800000000000000000e+02 3.570116306444980764e-02 2.390689388131681803e-01
5.900000000000000000e+02 3.400659422677086013e-02 2.386440804112383574e-01
6.000000000000000000e+02 3.243342862490081885e-02 2.382933088060729399e-01
6.100000000000000000e+02 3.096405173654384960e-02 2.380637058679951623e-01
6.200000000000000000e+02 2.958842340500605558e-02 2.379114717868546502e-01
6.300000000000000000e+02 2.829363947396341256e-02 2.378445915257094978e-01
6.400000000000000000e+02 2.707647875361787748e-02 2.378089946993970083e-01
6.500000000000000000e+02 2.592928076209720725e-02 2.378616994906707083e-01
6.600000000000000000e+02 2.484843312414726155e-02 2.380133561406640175e-01
6.700000000000000000e+02 2.383128529656489136e-02 2.381765133812657753e-01
6.800000000000000000e+02 2.288087936696666519e-02 2.383775819421504738e-01
6.900000000000000000e+02 2.198931471139346783e-02 2.385364746828539106e-01
7.000000000000000000e+02 2.114901570674128373e-02 2.387639632360588626e-01
7.100000000000000000e+02 2.035345318105151458e-02 2.390663462760513613e-01
7.200000000000000000e+02 1.959885815782973217e-02 2.393688944938885954e-01
7.300000000000000000e+02 1.888359297583512564e-02 2.397016085324975010e-01
7.400000000000000000e+02 1.820782775278556587e-02 2.400772119917374270e-01
7.500000000000000000e+02 1.756548183599354260e-02 2.405383976233616827e-01
7.600000000000000000e+02 1.695485286620518686e-02 2.409950536592001535e-01
7.700000000000000000e+02 1.637440920118762855e-02 2.414938745233982942e-01
7.800000000000000000e+02 1.582214429920736354e-02 2.419809883996209277e-01
7.900000000000000000e+02 1.529702435396071598e-02 2.424922745421696224e-01
8.000000000000000000e+02 1.479719605696326601e-02 2.430256452230977193e-01
8.100000000000000000e+02 1.432098773070589540e-02 2.435731440071305376e-01
8.200000000000000000e+02 1.386669596641702806e-02 2.441352797218793724e-01
8.300000000000000000e+02 1.343286292298688511e-02 2.447104093897156107e-01
8.400000000000000000e+02 1.301828545826547341e-02 2.452962520447287686e-01
8.500000000000000000e+02 1.262156375851774745e-02 2.458967171374471516e-01
8.600000000000000000e+02 1.224166018909148175e-02 2.465094507436743632e-01
8.700000000000000000e+02 1.187815094243359522e-02 2.471242939668533145e-01
8.800000000000000000e+02 1.153052272511109061e-02 2.477612526089442990e-01
8.900000000000000000e+02 1.119760509142383488e-02 2.484141370811957794e-01
9.000000000000000000e+02 1.087848023355660228e-02 2.490597690529762209e-01
9.100000000000000000e+02 1.057080164899422414e-02 2.497238518918560024e-01
9.200000000000000000e+02 1.027588028165510661e-02 2.503944584919528538e-01
9.300000000000000000e+02 9.992987368003115878e-03 2.510386354997298786e-01
9.400000000000000000e+02 9.721596502153491415e-03 2.516947474540685015e-01
9.500000000000000000e+02 9.460765871818968900e-03 2.523505063802647941e-01
9.600000000000000000e+02 9.211242530853744337e-03 2.529809542096364550e-01
9.700000000000000000e+02 8.972071787415896241e-03 2.536277479306948135e-01
9.800000000000000000e+02 8.741987031475932646e-03 2.542704723887919682e-01
9.900000000000000000e+02 8.520354026986188406e-03 2.549665295165599588e-01
1.000000000000000000e+03 8.306657467978909373e-03 2.556465707405685128e-01
1.010000000000000000e+03 8.100213855133781699e-03 2.563622725822541915e-01
1.020000000000000000e+03 7.900889065036621403e-03 2.570725793399694648e-01
1.030000000000000000e+03 7.709033367405841546e-03 2.577215155656882861e-01
1.040000000000000000e+03 7.523635224879888887e-03 2.583940002085939880e-01
1.050000000000000000e+03 7.344690504897858838e-03 2.590495121615289942e-01
1.060000000000000000e+03 7.171554930136384703e-03 2.597200465588845875e-01
1.070000000000000000e+03 7.004369552277949808e-03 2.603771622645295047e-01
1.080000000000000000e+03 6.842711665149451596e-03 2.610555926572563079e-01
1.090000000000000000e+03 6.686296931140157593e-03 2.617301276416835187e-01
1.100000000000000000e+03 6.534873404498032362e-03 2.623993234059723845e-01
1.110000000000000000e+03 6.388300402462719803e-03 2.630851585129087566e-01
1.120000000000000000e+03 6.246399134302347590e-03 2.637609561113500867e-01
1.130000000000000000e+03 6.108903916823575121e-03 2.644476665166436979e-01
1.140000000000000000e+03 5.975186521870934873e-03 2.651319987422208757e-01
1.150000000000000000e+03 5.845316652491151094e-03 2.658131453830230861e-01
1.160000000000000000e+03 5.719427560261667806e-03 2.664889866444228872e-01
1.170000000000000000e+03 5.597316481539778288e-03 2.671730527436840252e-01
1.180000000000000000e+03 5.478901126467217338e-03 2.678463373229654776e-01
1.190000000000000000e+03 5.363757642301146544e-03 2.685460168316955443e-01
1.200000000000000000e+03 5.251357577036422017e-03 2.692211466026417921e-01
1.210000000000000000e+03 5.142198061544540032e-03 2.698375354178515484e-01
1.220000000000000000e+03 5.036131298103487322e-03 2.704568640930517520e-01
1.230000000000000000e+03 4.933464543345949214e-03 2.711021818154203955e-01
1.240000000000000000e+03 4.833721091358648969e-03 2.717345717292404261e-01
1.250000000000000000e+03 4.736823715027877434e-03 2.723599447133761009e-01
1.260000000000000000e+03 4.642758128870185658e-03 2.729974606976593443e-01
1.270000000000000000e+03 4.551326391837679126e-03 2.736430946354320715e-01
1.280000000000000000e+03 4.462555192584034651e-03 2.742932948119629621e-01
1.290000000000000000e+03 4.376231929129220134e-03 2.749362102853715184e-01
1.300000000000000000e+03 4.292201401821598393e-03 2.755815724535711220e-01
1.310000000000000000e+03 4.210452940983696289e-03 2.762311996595522845e-01
1.320000000000000000e+03 4.130831231144010789e-03 2.768848973946181347e-01
1.330000000000000000e+03 4.053439395339385187e-03 2.775158300731252470e-01
1.340000000000000000e+03 3.977941383241583896e-03 2.781592455899853933e-01
1.350000000000000000e+03 3.904405895704122532e-03 2.787975292937043270e-01
1.360000000000000000e+03 3.832841851372058382e-03 2.794455466844255054e-01
1.370000000000000000e+03 3.763089879458258666e-03 2.800812781035106336e-01
1.380000000000000000e+03 3.695078074976644329e-03 2.807146821964898731e-01
1.390000000000000000e+03 3.628704350642004538e-03 2.813568146546394644e-01
1.400000000000000000e+03 3.563987358742205010e-03 2.819966638563408123e-01
1.410000000000000000e+03 3.500916056973120850e-03 2.826200424738992689e-01
1.420000000000000000e+03 3.439331118732440011e-03 2.832724658860336087e-01
1.430000000000000000e+03 3.379209834455196553e-03 2.838966988837019478e-01
1.440000000000000000e+03 3.320557303968309747e-03 2.845268702246920300e-01
1.450000000000000000e+03 3.263368122382606651e-03 2.851671294360539899e-01
1.460000000000000000e+03 3.207481424832013192e-03 2.857726491908376132e-01
1.470000000000000000e+03 3.152873267384841312e-03 2.864128424867682376e-01
1.480000000000000000e+03 3.099561579844901504e-03 2.870392391815884126e-01
1.490000000000000000e+03 3.047512666920373578e-03 2.876599481682722836e-01
1.500000000000000000e+03 2.996621128966356351e-03 2.882885805452771177e-01
1.510000000000000000e+03 2.946870894244049775e-03 2.889179594869334400e-01
1.520000000000000000e+03 2.898227658536044020e-03 2.895146875120437890e-01
1.530000000000000000e+03 2.850686706468604815e-03 2.901452435499766724e-01
1.540000000000000000e+03 2.804297087646249066e-03 2.907599228929390045e-01
1.550000000000000000e+03 2.758906486869730935e-03 2.913720533930158618e-01
1.560000000000000000e+03 2.714521191824211584e-03 2.919862761517993399e-01
1.570000000000000000e+03 2.670798760490660732e-03 2.926092742260142376e-01
1.580000000000000000e+03 2.627962563201532466e-03 2.932008057372390564e-01
1.590000000000000000e+03 2.586007996997275512e-03 2.938071273244083903e-01
1.600000000000000000e+03 2.545001829770884242e-03 2.944076449889545533e-01
1.610000000000000000e+03 2.504830899188658852e-03 2.949821349680187832e-01
1.620000000000000000e+03 2.465426100190480641e-03 2.955719145039948370e-01
1.630000000000000000e+03 2.426931571487207177e-03 2.961587116943780185e-01
1.640000000000000000e+03 2.389275292300323868e-03 2.967225163579418346e-01
1.650000000000000000e+03 2.352375011615014371e-03 2.973210839238624170e-01
1.660000000000000000e+03 2.316331476282866477e-03 2.978997288482136963e-01
1.670000000000000000e+03 2.281023240546355916e-03 2.984992405811215388e-01
1.680000000000000000e+03 2.246454849329205649e-03 2.990715462069798991e-01
1.690000000000000000e+03 2.212618363717378227e-03 2.996541500226788668e-01
1.700000000000000000e+03 2.179474034512360672e-03 3.002193693488974802e-01
1.710000000000000000e+03 2.146976924787183123e-03 3.008072891120817660e-01
1.720000000000000000e+03 2.115185072816524840e-03 3.013936283284681106e-01
1.730000000000000000e+03 2.083890885693336081e-03 3.019540507232248427e-01
1.740000000000000000e+03 2.053009264951077308e-03 3.025445395686056083e-01
1.750000000000000000e+03 2.022736238229540934e-03 3.031073837557479722e-01
1.760000000000000000e+03 1.993055613527677534e-03 3.036911574517596746e-01
1.770000000000000000e+03 1.963976997210143977e-03 3.042588198510596253e-01
1.780000000000000000e+03 1.935505952703333666e-03 3.048225009467259716e-01
1.790000000000000000e+03 1.907605501849216848e-03 3.054003771425369829e-01
1.800000000000000000e+03 1.880273748769235864e-03 3.059601227921682209e-01
1.810000000000000000e+03 1.853458109876753631e-03 3.065367930001228758e-01
1.820000000000000000e+03 1.827181179759932621e-03 3.071014930847205671e-01
1.830000000000000000e+03 1.801397674857711535e-03 3.076446463521583241e-01
1.840000000000000000e+03 1.776103147309394947e-03 3.082163235298908677e-01
1.850000000000000000e+03 1.751338180993724852e-03 3.087654708946221405e-01
1.860000000000000000e+03 1.727023416714334103e-03 3.093127901411411029e-01
1.870000000000000000e+03 1.703187008656224929e-03 3.098607270356103505e-01
1.880000000000000000e+03 1.679785854193707566e-03 3.104113800715623817e-01
1.890000000000000000e+03 1.656815946881089229e-03 3.109689301425880847e-01
1.900000000000000000e+03 1.634293313569689949e-03 3.115072206569599045e-01
1.910000000000000000e+03 1.612169875528478812e-03 3.120482691689075438e-01
1.920000000000000000e+03 1.590709475151710125e-03 3.126048169539463184e-01
1.930000000000000000e+03 1.569661625408196991e-03 3.131443243796059872e-01
1.940000000000000000e+03 1.549006038268944344e-03 3.136660320817332703e-01
1.950000000000000000e+03 1.528704970365667897e-03 3.142033264398398917e-01
1.960000000000000000e+03 1.508794894704501826e-03 3.147479566800537309e-01
1.970000000000000000e+03 1.489194781418091149e-03 3.152935806861666967e-01
1.980000000000000000e+03 1.469967286427611205e-03 3.158361844780482874e-01
1.990000000000000000e+03 1.451047008822537983e-03 3.163621142915932216e-01
2.000000000000000000e+03 1.432482395604404383e-03 3.168981215416243336e-01
