2.547254725472547499e-01 2.889288928892889685e-01 2.880288028802873712e-01 1.530153015301530250e-01 1.584158415841584178e-01 2.484248424842478986e-01 2.574257425742574323e-01 1.530153015301530250e-01
3.555355535553547663e-01 3.654365436543655088e-01 3.015301530153015608e-01 3.987398739873979081e-01 2.268226822682268273e-01 2.403240324032398234e-01 1.323132313231320245e-01 2.070207020702070355e-01
2.619261926192619216e-01 2.844284428442844237e-01 4.707470747074707362e-01 2.169216921692169453e-01 3.456345634563449121e-01 1.845184518451845335e-01 2.700270027002700246e-01 2.475247524752475503e-01
2.484248424842484537e-01 2.367236723672362098e-01 3.357335733573357239e-01 2.664266426642658558e-01 3.465346534653465649e-01 2.313231323132313444e-01 3.456345634563456892e-01 1.260126012601260059e-01
4.194419441944194360e-01 4.788478847884788947e-01 4.365436543654355739e-01 3.474347434743474961e-01 3.708370837083708738e-01 4.563456345634553379e-01 2.700270027002700524e-02 2.169216921692169453e-01
4.410441044104400632e-01 4.149414941494140585e-01 4.446444644464446760e-01 4.329432943294320157e-01 3.942394239423934188e-01 3.195319531953195180e-01 3.924392439243916120e-01 1.827182718271827544e-01
2.709270927092709558e-01 4.500450045004500965e-01 4.428442844284418700e-01 4.383438343834373807e-01 4.329432943294330149e-01 2.259225922592254521e-01 1.089108910891089105e-01 1.935193519351930957e-01
2.160216021602160419e-01 4.275427542754265953e-01 2.520252025202514568e-01 2.457245724572457435e-01 3.636363636363637020e-01 3.294329432943287617e-01 1.665166516651665207e-01 1.899189918991899539e-01
2.421242124212421576e-01 3.519351935193519298e-01 4.401440144014401867e-01 3.843384338433843417e-01 2.961296129612961958e-01 2.034203420342034219e-01 1.494149414941494114e-01 1.575157515751571813e-01
4.482448244824482897e-01 4.554455445544544623e-01 2.466246624662466469e-01 4.554455445544544623e-01 2.493249324932493571e-01 2.871287128712871617e-01 1.566156615661566387e-01 3.060306030603060501e-01
9.900990099009902845e-02 1.278127812781278128e-01 4.554455445544554615e-01 4.338433843384329469e-01 2.754275427542754451e-01 2.313231323132308170e-01 1.368136813681368191e-01 1.368136813681368191e-01
4.446444644464446760e-01 4.851485148514841361e-01 4.176417641764176847e-01 4.401440144014401867e-01 3.555355535553555435e-01 1.953195319531953467e-01 1.485148514851482027e-01 2.556255625562550704e-01
3.537353735373537367e-01 4.662466246624652477e-01 3.609360936093609640e-01 3.627362736273627708e-01 2.610261026102604354e-01 2.421242124212421576e-01 1.296129612961296196e-01 8.190819081908191912e-02
4.482448244824482897e-01 4.239423942394239808e-01 4.635463546354625652e-01 4.680468046804681093e-01 1.476147614761476323e-01 4.005400540054006031e-01 1.359135913591359157e-01 1.980198019801980569e-01
4.707470747074696815e-01 4.599459945994589516e-01 2.664266426642664665e-01 2.448244824482448401e-01 2.898289828982898442e-01 2.610261026102604354e-01 2.259225922592254521e-01 2.079207920792074948e-01
4.734473447344724195e-01 4.356435643564356419e-01 4.311431143114302089e-01 6.480648064806467101e-02 3.564356435643564747e-01 1.728172817281728446e-01 3.348334833483340711e-01 1.773177317731773339e-01
9.360936093609339981e-02 1.872187218721867996e-01 4.320432043204311401e-01 4.473447344734474140e-01 2.556255625562550704e-01 2.538253825382538187e-01 2.214221422142214346e-01 2.187218721872182248e-01
9.810981098109812504e-02 2.790279027902790518e-02 4.446444644464436768e-01 4.356435643564356419e-01 4.725472547254714883e-01 6.120612061206121002e-02 3.006300630062999635e-01 1.521152115211521216e-01
4.194419441944194360e-01 2.214221422142214346e-01 4.275427542754275945e-01 4.554455445544544623e-01 3.816381638163817147e-01 3.060306030603060501e-01 2.898289828982898442e-01 3.654365436543646761e-01
4.617461746174607584e-01 2.151215121512151385e-01 4.536453645364536547e-01 1.323132313231323298e-01 2.664266426642664665e-01 1.881188118811881471e-01 1.638163816381638382e-01 1.116111611161116207e-01
4.671467146714672336e-01 2.079207920792079389e-01 4.797479747974787156e-01 4.311431143114312081e-01 2.322232223222317204e-01 1.935193519351930957e-01 3.159315931593159044e-01 1.224122412241224200e-01
8.100810081008101224e-03 2.745274527452745694e-01 2.727272727272727626e-01 3.060306030603060501e-01 3.834383438343835215e-01 2.331233123312331512e-01 3.690369036903690669e-01 2.331233123312326239e-01
3.240324032403240628e-01 3.969396939693969895e-01 2.160216021602160419e-01 3.150315031503143626e-01 2.439243924392433815e-01 3.546354635463546678e-01 1.602160216021598638e-01 1.296129612961296196e-01
4.473447344734474140e-01 4.383438343834373807e-01 2.655265526552655353e-01 1.431143114311431153e-01 3.195319531953195180e-01 2.349234923492349303e-01 1.224122412241224200e-01 3.348334833483348483e-01
4.671467146714661789e-01 2.223222322232223380e-01 3.258325832583258697e-01 2.070207020702070563e-02 3.672367236723664274e-01 2.466246624662466469e-01 1.026102610261026143e-01 2.304230423042304410e-01
2.052205220522052287e-01 3.681368136813681358e-01 3.510351035103510542e-01 1.737173717371737480e-01 2.394239423942389200e-01 3.348334833483348483e-01 2.016201620162011710e-01 1.737173717371737480e-01
4.320432043204311401e-01 3.528352835283528610e-01 4.599459945994600063e-01 4.230423042304221060e-01 1.908190819081908574e-01 3.006300630063006296e-01 2.736273627362736383e-01 3.564356435643564747e-01
4.410441044104410624e-01 3.312331233123305685e-01 4.194419441944194360e-01 4.626462646264626888e-01 2.376237623762376405e-01 2.637263726372631734e-01 1.746174617461746514e-01 2.349234923492349303e-01
4.221422142214221740e-01 4.905490549054894456e-01 2.304230423042304410e-01 2.538253825382532636e-01 1.458145814581458255e-01 1.818181818181818510e-01 3.060306030603060501e-01 2.826282628262826169e-01
2.925292529252925822e-01 4.419441944194419936e-01 2.862286228622862305e-01 2.772277227722772519e-01 3.366336633663358779e-01 2.862286228622856199e-01 1.782178217821782373e-01 1.818181818181818510e-01
4.500450045004490973e-01 2.763276327632757656e-01 3.114311431143107489e-01 2.628262826282628528e-01 4.176417641764176847e-01 2.331233123312331512e-01 1.764176417641764305e-01 2.691269126912691489e-01
1.350135013501347313e-02 1.899189918991899539e-01 4.662466246624652477e-01 3.447344734473447581e-01 1.485148514851485357e-01 1.989198919891984885e-01 1.440144014401440187e-01 1.629162916291629348e-01
4.320432043204320838e-01 2.871287128712871617e-01 4.707470747074707362e-01 2.781278127812781276e-01 1.638163816381638382e-01 2.592259225922592392e-01 1.737173717371737480e-01 1.278127812781278128e-01
4.671467146714672336e-01 3.096309630963096637e-01 4.662466246624652477e-01 2.556255625562550704e-01 1.251125112511251303e-01 3.726372637263726806e-01 2.313231323132308170e-01 3.150315031503143626e-01
4.248424842484239128e-01 4.014401440144014233e-01 4.617461746174607584e-01 2.421242124212421576e-01 3.222322232223222560e-01 3.294329432943294833e-01 1.746174617461746514e-01 2.979297929792980026e-01
2.484248424842484537e-01 4.293429342934284021e-01 3.186318631863186424e-01 2.583258325832583635e-01 4.140414041404140710e-01 2.052205220522047846e-01 2.565256525652559461e-01 2.016201620162011710e-01
4.635463546354625652e-01 4.689468946894679857e-01 3.375337533753375308e-01 4.446444644464436768e-01 2.070207020702070355e-01 2.205220522052205312e-01 3.474347434743474961e-01 2.133213321332133316e-01
4.869486948694858874e-01 3.429342934293429512e-01 4.122412241224122642e-01 2.457245724572457435e-01 2.250225022502250483e-01 2.754275427542748345e-01 2.358235823582358337e-01 1.233123312331233234e-01
3.609360936093609640e-01 4.329432943294330149e-01 3.591359135913591571e-01 2.322232223222322478e-01 3.663366336633655518e-01 1.899189918991899539e-01 3.636363636363628693e-01 3.060306030603060501e-01
4.131413141314131954e-01 2.997299729972990323e-01 4.167416741674168090e-01 4.383438343834373807e-01 3.357335733573357239e-01 2.466246624662460918e-01 2.736273627362730276e-01 3.474347434743467189e-01
3.672367236723672601e-01 2.601260126012601703e-01 2.943294329432937229e-01 2.754275427542754451e-01 2.016201620162016150e-01 3.906390639063898051e-01 2.142214221422142351e-01 2.160216021602155700e-01
9.270927092709271844e-02 3.006300630063006296e-01 3.816381638163817147e-01 2.196219621962196278e-01 4.248424842484248565e-01 2.142214221422137632e-01 2.484248424842484537e-01 1.179117911791176532e-01
4.635463546354625652e-01 4.050405040504041487e-01 3.231323132313231317e-01 4.554455445544544623e-01 2.169216921692169453e-01 4.077407740774068312e-01 2.223222322232223380e-01 1.953195319531953467e-01
4.797479747974787156e-01 4.860486048604849979e-02 1.953195319531953467e-01 3.969396939693969895e-01 2.214221422142214346e-01 2.466246624662460918e-01 2.106210621062106214e-01 3.240324032403240628e-01
6.120612061206121002e-02 3.987398739873987963e-01 4.284428442844284701e-01 4.248424842484248565e-01 4.248424842484239128e-01 3.861386138613861485e-01 2.133213321332128598e-01 2.610261026102610460e-01
3.789378937893789767e-01 3.321332133213314441e-01 3.069306930693069813e-01 3.186318631863186424e-01 3.609360936093601868e-01 1.440144014401440187e-01 1.395139513951391963e-01 1.089108910891089105e-01
4.257425742574257876e-01 4.653465346534654268e-01 4.104410441044104574e-01 4.545454545454535311e-01 3.213321332133213248e-01 3.249324932493249385e-01 3.303330333033303590e-01 3.105310531053098733e-01
1.917191719171917608e-01 2.619261926192613665e-01 4.401440144014401867e-01 3.978397839783979206e-01 4.050405040504041487e-01 2.385238523852385439e-01 2.070207020702070355e-01 1.809180918091809476e-01
4.401440144014391875e-01 4.545454545454535311e-01 4.635463546354625652e-01 4.311431143114302089e-01 2.376237623762376405e-01 1.305130513051305230e-01 1.971197119711971535e-01 3.735373537353727236e-01
2.196219621962196278e-01 2.367236723672362098e-01 4.311431143114302089e-01 3.096309630963096637e-01 4.140414041404131829e-01 2.106210621062106214e-01 2.403240324032403508e-01 2.025202520252025185e-01
