4.568456845684568668e-01 4.716471647164706127e-01 4.541454145414541843e-01 4.802480248024881271e-01 1.980198019801960446e-02 4.577457745771938979e-01 3.493349334953521623e-01 9.990999099905806258e-02
2.696269626962696231e-01 1.467146714671467289e-01 4.902490249025122648e-01 4.900490049004817550e-01 4.653465346534448321e-01 4.776477647772523483e-01 4.990499049933602715e-02 1.998199820084078093e-01
3.844384438443844698e-01 2.853285328532853549e-01 4.921492149215142553e-01 2.793279327932839395e-01 4.158415841584116590e-01 3.980398039801685828e-01 9.980998099798225887e-02 3.996399639946754956e-01
4.104410441044104574e-01 4.734473447344734742e-01 4.009400940094189902e-01 3.087308730873240536e-01 3.960396039603953922e-01 4.179417941795215419e-01 4.990499049916357621e-01 4.995499549950740414e-01
1.920192019201920341e-01 4.752475247524742263e-01 4.788478847884811151e-01 4.459445944594681577e-01 3.960396039604459351e-02 1.990199019901996505e-02 4.491449144940242721e-01 4.995499549955064733e-01
2.832283228322832191e-01 4.347434743474348218e-01 4.883488348834882919e-01 3.136313631363083498e-01 4.356435643563719706e-01 2.587258725876783183e-01 4.491449144914416158e-01 9.990999100420390466e-02
4.284428442844284701e-01 4.500450045004500965e-01 4.769476947694792912e-01 3.871387138713805465e-01 3.762376237623212827e-01 9.950995099526088739e-02 3.493349334953521623e-01 4.995499549933443695e-01
4.092409240924092528e-01 3.537353735373537367e-01 4.541454145414563492e-01 4.753475347534831807e-01 3.762376237624236452e-01 4.378437843783057337e-01 9.980998099867205431e-02 1.998199819862676863e-01
4.428442844284428692e-01 1.674167416741674241e-01 2.641264126412654067e-01 4.949494949494865903e-01 3.663366336633128717e-01 4.378437843784372951e-01 4.990499049933602715e-02 3.996399640168156187e-01
4.508450845084508440e-01 4.266426642664266633e-01 1.786178617861794715e-01 4.851485148515092827e-01 4.851485148514802503e-01 2.388238823882390394e-01 1.996199619973441086e-01 9.990999099909995962e-02
4.388438843884388540e-01 4.599459945994589516e-01 4.769476947694983870e-01 4.165416541654095028e-01 4.554455445546367609e-01 1.592159215917174353e-01 1.497149714980080815e-01 9.990999099910130576e-02
3.396339633963396665e-01 4.653465346534643721e-01 4.845484548454868645e-01 4.802480248023440756e-01 4.752475247526644075e-01 4.577457745774572428e-01 4.990499049795641962e-01 3.996399640168156187e-01
3.872387238723872249e-01 2.178217821782178210e-01 4.769476947694792912e-01 2.450245024502450686e-01 4.950495049504227696e-01 4.179417941800957492e-01 4.491449144940242721e-01 1.998199820084078093e-01
1.416141614161416096e-01 2.277227722772277307e-01 4.294429442944487363e-01 4.851485148514890766e-01 4.752475247524058921e-01 4.776477647764770795e-01 2.994299429960161629e-01 9.990999099866887390e-02
3.688368836883688662e-01 3.195319531953195180e-01 3.743374337433761356e-01 4.998499849984247567e-01 3.267326732673234702e-01 4.975497549757575966e-01 3.493349334953521623e-01 2.997299729973039173e-01
4.212421242124212428e-01 2.979297929792973365e-01 4.541454145414563492e-01 1.078107810781077786e-01 4.554455445545128600e-01 4.975497549754841486e-01 3.493349334953521623e-01 3.996399639946754956e-01
4.368436843684368465e-01 3.321332133213321658e-01 4.750475047504583159e-01 4.900490049004817550e-01 7.920792079207920888e-02 3.184318431848348618e-01 2.495249525035781735e-01 2.997299730126117279e-01
4.448444844484448768e-01 4.482448244824472905e-01 4.826482648264849851e-01 4.851485148514123047e-01 9.900990099011148377e-03 4.179417941800957492e-01 4.990499049933602715e-01 2.997299730126117279e-01
3.048304830483048455e-01 2.727272727272727626e-01 4.807480748074806631e-01 3.920392039204899093e-01 1.287128712871099256e-01 9.950995099509939157e-02 4.990499049864622338e-01 4.995499549955064733e-01
4.628462846284628340e-01 3.465346534653465649e-01 3.553355335533606163e-01 4.900490049004817550e-01 3.663366336633128717e-01 2.388238823875761530e-01 1.497149714969733814e-01 3.996399639964052231e-01
4.652465246524652431e-01 3.987398739873987963e-01 4.826482648264849851e-01 4.459445944594978561e-01 3.366336633662874722e-01 4.378437843784260264e-01 3.992399239946882172e-01 2.997299729975633764e-01
4.608460846084608820e-01 3.888388838883888865e-01 3.629362936293792363e-01 3.528352835283939393e-01 4.257425742574794114e-01 4.577457745771938979e-01 4.491449144940242721e-01 4.995499549950740414e-01
3.316331633163316361e-01 2.214221422142214346e-01 3.002300230023046690e-01 4.704470447044938886e-01 4.059405940593466822e-01 4.975497549752107562e-01 3.992399239946882172e-01 4.995499549955064733e-01
4.152415241524152756e-01 3.636363636363637020e-01 4.845484548455062934e-01 2.058205820582160450e-01 4.455445544554410553e-01 4.577457745771938979e-01 4.990499049933602715e-01 4.995499549933443695e-01
2.220222022202220369e-01 3.780378037803781011e-01 3.230323032303246134e-01 1.372137213721371651e-01 1.386138613861372104e-01 2.985298529844702120e-01 4.990499049905040563e-01 4.995499550210195094e-01
3.488348834883488458e-01 2.817281728172817412e-01 3.097309730973112352e-01 1.519151915191898350e-01 3.960396039607691487e-01 4.776477647772523483e-01 4.990499049933602715e-02 3.996399639946754956e-01
3.060306030603060501e-01 4.635463546354625652e-01 4.465446544654465555e-01 3.724372437243909650e-01 3.960396039603920615e-01 1.990199019905217886e-02 2.994299429943347857e-01 3.996399640168156187e-01
3.908390839083908386e-01 3.348334833483348483e-01 4.921492149214945488e-01 4.900490049004817550e-01 3.861386138613822627e-01 3.781378137811601259e-01 4.990499049905040563e-01 4.995499549959389052e-01
1.316131613161316272e-01 3.015301530153015608e-01 2.318231823182422269e-01 1.470147014701837264e-02 4.257425742575952077e-01 4.975497549752107562e-01 4.990499049933602715e-02 4.995499549959389052e-01
3.296329632963296286e-01 3.204320432043204492e-01 3.990399039904009570e-01 4.459445944595573086e-01 2.970297029702536618e-01 4.975497549741169645e-01 3.992399239946882172e-01 2.997299729970444582e-01
2.292229222922292364e-01 4.572457245724562691e-01 3.971397139713990776e-01 3.185318531853980617e-01 3.960396039603382157e-01 3.781378137819914054e-01 4.990499049933602715e-01 9.990999100420390466e-02
3.052305230523052471e-01 4.662466246624663024e-01 3.857385738573856915e-01 4.606460646064835518e-01 4.950495049504227696e-01 3.383338333833292300e-01 4.990499049933602715e-02 4.995499549933443695e-01
3.412341234123412725e-01 4.509450945094510277e-01 4.275427542754295929e-01 1.813181318131842912e-01 3.168316831683168355e-01 4.577457745782001486e-01 4.990499049933602715e-01 4.995499549955064733e-01
4.524452445244524501e-01 4.311431143114312081e-01 4.693469346934716069e-01 1.078107810781059744e-01 5.049504950494311251e-01 4.378437843791478934e-01 4.990499049933602715e-01 9.990999100420390466e-02
2.960296029602960122e-01 4.554455445544544623e-01 7.410741074107408954e-02 4.410441044104924241e-02 4.554455445543889591e-01 4.776477647764648116e-01 4.990499049907735213e-02 1.998199819981809622e-01
4.460446044604460814e-01 4.464446444644464829e-01 3.496349634963653585e-01 2.303230323032264271e-01 4.554455445543889591e-01 4.179417941800957492e-01 4.990499049795641962e-01 3.996399639974430040e-01
3.340334033403340452e-01 2.583258325832583635e-01 4.712471247124735418e-01 4.998499849986245969e-01 4.653465346534685909e-01 2.587258725876783183e-01 4.491449144940242721e-01 4.995499549933443695e-01
4.492449244924492380e-01 3.879387938793879553e-01 2.964296429642963582e-01 1.372137213721348892e-01 4.851485148514802503e-01 3.980398039804967231e-02 4.491449144924722359e-01 4.995499549933443695e-01
3.180318031803180401e-01 3.132313231323132774e-01 4.940494049404964838e-01 4.851485148514850243e-01 4.554455445544509096e-01 2.587258725873939347e-01 4.990499049905579576e-01 9.990999099313384313e-02
4.620462046204620865e-01 3.780378037803772129e-01 4.731473147314754768e-01 4.851485148513476342e-01 4.059405940593466822e-01 5.970597059715654353e-02 4.491449144940242721e-01 3.996399639946754956e-01
3.296329632963296286e-01 1.548154815481548319e-01 4.142414241424162702e-01 3.381338133813352465e-01 1.188118811881176268e-01 1.194119411943130871e-01 3.992399239946882172e-01 3.996399639946754956e-01
3.324332433243324392e-01 4.554455445544554615e-01 4.123412341234122813e-01 4.116411641164320900e-01 3.861386138613822627e-01 3.781378137812640428e-01 9.980998099867205431e-02 4.995499550210195094e-01
4.444444444444444753e-01 3.474347434743474961e-01 3.287328732873435189e-01 3.234323432343395033e-01 1.089108910891226217e-01 4.975497549757575966e-01 4.990499049899112527e-01 4.995499549955064733e-01
4.280428042804280686e-01 4.464446444644454837e-01 4.845484548454844775e-01 2.254225422542817103e-01 4.059405940594019158e-01 4.179417941800957492e-01 4.491449144940242721e-01 9.990999100420390466e-02
3.884388438843884295e-01 2.358235823582358337e-01 2.755275527552768500e-01 4.263426342634191735e-01 4.950495049504227696e-01 2.786278627867305180e-01 4.990499049933602715e-01 2.997299730043092025e-01
3.336333633363336437e-01 4.599459945994600063e-01 4.921492149214921064e-01 1.715171517151800329e-01 4.950495049504227696e-01 4.975497549752107562e-01 4.990499049933602715e-01 4.995499549656691740e-01
4.576457645764576698e-01 2.412241224122412542e-01 3.990399039904049538e-01 2.744274427442766617e-01 1.386138613861385982e-01 3.582358235829392612e-01 3.992399239836513791e-01 3.996399640168156187e-01
4.460446044604460814e-01 3.447344734473447581e-01 4.826482648264849851e-01 4.704470447044781789e-01 4.653465346534606528e-01 4.378437843791478934e-01 1.497149714980080815e-01 9.990999099866887390e-02
3.348334833483348483e-01 3.168316831683168355e-01 3.857385738573876344e-01 4.508450845085033576e-01 4.851485148515462531e-01 5.970597059709091547e-02 4.990499050071563469e-01 3.996399639960592776e-01
3.096309630963096637e-01 3.483348334833483717e-01 4.256425642564276579e-01 2.940294029402988896e-01 4.950495049504985423e-01 2.985298529852905003e-01 4.491449144940242721e-01 4.995499550210195094e-01
